2.0,2.0,2.0,2.0,2.0,2.0,2.0,2.0,2.0,2.0,2.0,2.0,2.0,2.0,2.0,2.0,2.0,2.0,2.0,2.0,2.0,2.0,2.0,2.0,2.0,2.0,2.0,2.0,2.0,2.0,2.0,2.0,2.0,2.0,2.0,2.0,2.0,2.0,2.0,2.0,2.0,2.0,2.0,2.0,2.0,2.0,2.0,2.0,2.0,2.0,2.0,2.0,2.0,2.0,2.0,2.0,2.0,2.0,2.0,2.0,2.0,2.0,2.0,2.0,2.0,2.0,2.0,2.0,2.0,2.0,2.0,2.0,2.0,2.0,2.0,2.0,2.0,2.0,2.0,2.0,2.0,2.0,2.0,2.0,2.0,2.0,2.0,2.0,2.0,2.0,2.0,2.0,2.0,2.0,2.0,2.0,2.0,2.0,2.0,2.0,0.9,0.9,0.9,0.9,0.9,0.9,0.9,0.9,0.9,0.9,0.9,0.9,0.9,0.9,0.9,0.9,0.9,0.9,0.9,0.9,0.9,0.9750355291797485,0.9,0.9,0.9,0.9,0.9,0.9,0.9,0.9,0.9,0.9,0.9,0.9,0.9,0.9,0.9,0.9,0.9,0.9,0.9,0.9,0.9,0.9,0.9,0.9,0.9,0.9,0.9,0.9,0.9,0.9,0.9,0.9,0.9,0.9,0.9,0.9,0.9,0.9,0.9,0.9,0.9,0.9,0.9,0.9,0.9,0.9,0.9,0.9,0.9,0.9,0.9,0.9,0.9,0.9,0.9,0.9,0.9,0.9,0.9,0.9,0.9,0.9,0.9,0.9,0.9,0.9,0.9,0.9,0.9,0.9,0.9,0.9,0.9,0.9,0.9,0.9,0.9,0.9,0.9,0.9,0.9,0.9,0.9,0.9,0.9,0.9,0.9,0.9,0.9,0.9,0.9,0.9,0.9,0.9,0.9,0.9,0.9,0.9,0.9,0.848480513687832,0.9,0.9,0.9,0.9,0.9,0.9,0.9,0.9,0.9,0.9,0.9,0.9,0.9,0.9,0.9,0.9,0.9,0.9,0.9,0.9,0.9,0.9,0.9,0.9,0.9,0.9,0.9,0.9,0.9,0.9,0.9,0.9,0.9,0.9,0.9,0.9,0.9,0.9,0.9,0.9,0.9,0.9,0.9,0.9,0.9,0.9,0.9,0.9,0.9,0.9,0.9,0.9,0.9,0.9,0.9,0.9,0.9,0.9,0.9,0.9,0.9,0.9,0.9,0.9,0.9,0.9,0.9,0.9,0.9,0.9,0.9,0.9,0.9,0.9,0.9,0.9,0.9,0.9
2.0,2.0,2.0,2.0,2.0,2.0,2.0,2.0,2.0,2.0,2.0,2.0,2.0,2.0,2.0,2.0,2.0,2.0,2.0,2.0,2.0,2.0,2.0,2.0,2.0,2.0,2.0,2.0,2.0,2.0,2.0,2.0,2.0,2.0,2.0,2.0,2.0,2.0,2.0,2.0,2.0,2.0,2.0,2.0,2.0,2.0,2.0,2.0,2.0,2.0,2.0,2.0,2.0,2.0,2.0,2.0,2.0,2.0,2.0,2.0,2.0,2.0,2.0,2.0,2.0,2.0,2.0,2.0,2.0,2.0,2.0,2.0,2.0,2.0,2.0,2.0,2.0,2.0,2.0,2.0,2.0,2.0,2.0,2.0,2.0,2.0,2.0,2.0,2.0,2.0,2.0,2.0,2.0,2.0,2.0,2.0,2.0,2.0,2.0,2.0,0.972883264472658,0.936125890525761,0.936125890525761,0.936125890525761,0.972883264472658,0.936125890525761,0.972883264472658,0.972883264472658,0.972883264472658,0.936125890525761,0.972883264472658,0.936125890525761,0.936125890525761,0.936125890525761,0.972883264472658,0.972883264472658,0.972883264472658,0.936125890525761,0.972883264472658,0.8613372832402737,0.972883264472658,0.972883264472658,0.972883264472658,0.972883264472658,0.936125890525761,0.936125890525761,0.9894474614481801,0.972883264472658,0.972883264472658,0.972883264472658,0.8613372832402737,0.936125890525761,0.972883264472658,0.972883264472658,0.972883264472658,0.936125890525761,0.972883264472658,0.8613372832402737,0.972883264472658,0.936125890525761,0.972883264472658,0.8613372832402737,0.972883264472658,0.936125890525761,0.972883264472658,0.936125890525761,0.936125890525761,0.936125890525761,0.972883264472658,0.972883264472658,0.9,0.9,0.9,0.9,0.9,0.9,0.9,0.9,0.9,0.9,0.9,0.9,0.9,0.9,0.9,0.8647257999205531,0.9,0.9,0.9,0.9,0.9,0.9,0.9,0.9,0.9,0.9,0.9,0.9,0.9,0.9,0.9,0.9,0.9,0.9,0.9,0.9,0.9,0.9,0.8799773954980353,0.9,0.9,0.9,0.9,0.9,0.9,0.9,0.9,0.9,0.9,0.9,0.701083995285498,0.763498681743268,0.763498681743268,0.763498681743268,0.701083995285498,0.763498681743268,0.701083995285498,0.701083995285498,0.701083995285498,0.763498681743268,0.701083995285498,0.763498681743268,0.763498681743268,0.763498681743268,0.701083995285498,0.701083995285498,0.701083995285498,0.763498681743268,0.701083995285498,0.8768910836191605,0.701083995285498,0.701083995285498,0.701083995285498,0.701083995285498,0.763498681743268,0.763498681743268,0.6879391373836712,0.701083995285498,0.701083995285498,0.701083995285498,0.8768910836191605,0.763498681743268,0.701083995285498,0.701083995285498,0.701083995285498,0.763498681743268,0.701083995285498,0.8768910836191605,0.701083995285498,0.763498681743268,0.701083995285498,0.8768910836191605,0.701083995285498,0.763498681743268,0.701083995285498,0.763498681743268,0.763498681743268,0.763498681743268,0.701083995285498,0.701083995285498,0.9,0.9,0.9,0.9,0.9,0.9,0.9,0.9,0.9,0.9,0.9,0.9,0.9,0.9,0.9,0.9157000872830205,0.9,0.9,0.9,0.9,0.9,0.9,0.9,0.9,0.9,0.9,0.9,0.9,0.9,0.9,0.9,0.9,0.9,0.9,0.9,0.9,0.9,0.9,0.8984432666998201,0.9,0.9,0.9,0.9,0.9,0.9,0.9,0.9,0.9,0.9,0.9
2.0,2.0,2.0,2.0,2.0,2.0,2.0,2.0,2.0,2.0,2.0,2.0,2.0,2.0,2.0,2.0,2.0,2.0,2.0,2.0,2.0,2.0,2.0,2.0,2.0,2.0,2.0,2.0,2.0,2.0,2.0,2.0,2.0,2.0,2.0,2.0,2.0,2.0,2.0,2.0,2.0,2.0,2.0,2.0,2.0,2.0,2.0,2.0,2.0,2.0,2.0,2.0,2.0,2.0,2.0,2.0,2.0,2.0,2.0,2.0,2.0,2.0,2.0,2.0,2.0,2.0,2.0,2.0,2.0,2.0,2.0,2.0,2.0,2.0,2.0,2.0,2.0,2.0,2.0,2.0,2.0,2.0,2.0,2.0,2.0,2.0,2.0,2.0,2.0,2.0,2.0,2.0,2.0,2.0,2.0,2.0,2.0,2.0,2.0,2.0,0.972883264472658,0.972883264472658,1.0,0.9235252265061465,0.972883264472658,0.972883264472658,0.972883264472658,0.972883264472658,0.972883264472658,1.0,0.972883264472658,0.972883264472658,0.972883264472658,0.972883264472658,0.972883264472658,0.972883264472658,1.0,0.972883264472658,0.972883264472658,0.9235252265061465,0.9235252265061465,0.972883264472658,0.972883264472658,0.972883264472658,0.972883264472658,0.972883264472658,0.972883264472658,0.972883264472658,0.972883264472658,0.972883264472658,0.972883264472658,0.972883264472658,0.972883264472658,0.972883264472658,0.972883264472658,0.972883264472658,0.972883264472658,0.972883264472658,0.972883264472658,0.972883264472658,1.0,0.9235252265061465,0.972883264472658,1.0,0.972883264472658,0.972883264472658,0.972883264472658,0.972883264472658,0.972883264472658,0.972883264472658,0.9,0.9,0.9,0.9,0.9319175166028494,0.9,0.9,0.9,0.9,0.9,0.9,0.9,0.9,0.9,0.9,0.9,0.9,0.9319175166028494,0.9,0.9319175166028494,0.9319175166028494,0.7771446409197443,0.9,0.9,0.9319175166028494,0.9,0.9319175166028494,0.9,0.9,0.9319175166028494,0.9,0.9,0.9,0.9,0.9319175166028494,0.9319175166028494,0.9,0.9,0.9,0.9,0.9,0.9,0.9239239793045458,0.9319175166028494,0.9,0.9,0.9,0.9,0.9,0.846998907321735,0.701083995285498,0.701083995285498,0.5842784060397754,0.6298195936804172,0.701083995285498,0.701083995285498,0.701083995285498,0.701083995285498,0.701083995285498,0.5842784060397754,0.701083995285498,0.701083995285498,0.701083995285498,0.701083995285498,0.701083995285498,0.701083995285498,0.5842784060397754,0.701083995285498,0.701083995285498,0.6298195936804172,0.6298195936804172,0.701083995285498,0.701083995285498,0.701083995285498,0.701083995285498,0.701083995285498,0.701083995285498,0.701083995285498,0.701083995285498,0.701083995285498,0.701083995285498,0.701083995285498,0.701083995285498,0.701083995285498,0.701083995285498,0.701083995285498,0.701083995285498,0.701083995285498,0.701083995285498,0.701083995285498,0.5842784060397754,0.6298195936804172,0.701083995285498,0.5842784060397754,0.701083995285498,0.701083995285498,0.701083995285498,0.701083995285498,0.701083995285498,0.701083995285498,0.9,0.9,0.9,0.9,0.9187575318952494,0.9,0.9,0.9,0.9,0.9,0.9,0.9,0.9,0.9,0.9,0.9,0.9,0.9187575318952494,0.9,0.9187575318952494,0.9187575318952494,0.9769338914353695,0.9,0.9,0.9187575318952494,0.9,0.9187575318952494,0.9,0.9,0.9187575318952494,0.9,0.9,0.9,0.9,0.9187575318952494,0.9187575318952494,0.9,0.9,0.9,0.9,0.9,0.9,0.886800969709303,0.9187575318952494,0.9,0.9,0.9,0.9,0.9,0.9786321107405833
2.0,2.0,2.0,2.0,2.0,2.0,2.0,2.0,2.0,2.0,2.0,2.0,2.0,2.0,2.0,2.0,2.0,2.0,2.0,2.0,2.0,2.0,2.0,2.0,2.0,2.0,2.0,2.0,2.0,2.0,2.0,2.0,2.0,2.0,2.0,2.0,2.0,2.0,2.0,2.0,2.0,2.0,2.0,2.0,2.0,2.0,2.0,2.0,2.0,2.0,2.0,2.0,2.0,2.0,2.0,2.0,2.0,2.0,2.0,2.0,2.0,2.0,2.0,2.0,2.0,2.0,2.0,2.0,2.0,2.0,2.0,2.0,2.0,2.0,2.0,2.0,2.0,2.0,2.0,2.0,2.0,2.0,2.0,2.0,2.0,2.0,2.0,2.0,2.0,2.0,2.0,2.0,2.0,2.0,2.0,2.0,2.0,2.0,2.0,2.0,0.972883264472658,1.0,1.0,0.972883264472658,1.0,1.0,1.0,0.8951572834912909,1.0,0.972883264472658,0.972883264472658,0.8951572834912909,1.0,1.0,0.972883264472658,0.972883264472658,1.0,0.972883264472658,1.0,0.972883264472658,1.0,0.8951572834912909,1.0,1.0,1.0,1.0,0.972883264472658,0.8951572834912909,0.972883264472658,0.8951572834912909,0.8951572834912909,0.972883264472658,1.0,1.0,0.972883264472658,0.972883264472658,0.972883264472658,0.8951572834912909,1.0,1.0,0.8951572834912909,1.0,0.8951572834912909,1.0,0.972883264472658,1.0,0.972883264472658,0.972883264472658,1.0,0.972883264472658,0.9907444840711749,0.9907444840711749,0.846998907321735,0.9907444840711749,0.9907444840711749,0.9907444840711749,0.9202203604099612,0.9907444840711749,0.9907444840711749,0.9907444840711749,0.9907444840711749,0.846998907321735,0.9907444840711749,0.9202203604099612,0.846998907321735,0.9202203604099612,0.846998907321735,0.9907444840711749,0.9907444840711749,0.9907444840711749,0.846998907321735,0.846998907321735,0.846998907321735,0.846998907321735,0.9,0.846998907321735,0.846998907321735,0.846998907321735,0.9907444840711749,0.9202203604099612,0.9907444840711749,0.846998907321735,0.846998907321735,0.9907444840711749,0.846998907321735,0.846998907321735,0.9202203604099612,0.846998907321735,0.9907444840711749,0.9907444840711749,0.846998907321735,0.846998907321735,0.9202203604099612,0.9202203604099612,0.9907444840711749,0.9907444840711749,0.9907444840711749,0.846998907321735,0.846998907321735,0.846998907321735,0.701083995285498,0.6043637682486747,0.6043637682486747,0.701083995285498,0.6043637682486747,0.6043637682486747,0.6043637682486747,0.49992552309463756,0.6043637682486747,0.701083995285498,0.701083995285498,0.49992552309463756,0.6043637682486747,0.6043637682486747,0.701083995285498,0.701083995285498,0.6043637682486747,0.701083995285498,0.6043637682486747,0.701083995285498,0.6043637682486747,0.49992552309463756,0.6043637682486747,0.6043637682486747,0.6043637682486747,0.6043637682486747,0.701083995285498,0.49992552309463756,0.701083995285498,0.49992552309463756,0.49992552309463756,0.701083995285498,0.6043637682486747,0.6043637682486747,0.701083995285498,0.701083995285498,0.701083995285498,0.49992552309463756,0.6043637682486747,0.6043637682486747,0.49992552309463756,0.6043637682486747,0.49992552309463756,0.6043637682486747,0.701083995285498,0.6043637682486747,0.701083995285498,0.701083995285498,0.6043637682486747,0.701083995285498,0.731218118587566,0.731218118587566,0.9786321107405833,0.731218118587566,0.731218118587566,0.731218118587566,0.7957514711451051,0.731218118587566,0.731218118587566,0.731218118587566,0.731218118587566,0.9786321107405833,0.731218118587566,0.7957514711451051,0.9786321107405833,0.7957514711451051,0.9786321107405833,0.731218118587566,0.731218118587566,0.731218118587566,0.9786321107405833,0.9786321107405833,0.9786321107405833,0.9786321107405833,0.9,0.9786321107405833,0.9786321107405833,0.9786321107405833,0.731218118587566,0.7957514711451051,0.731218118587566,0.9786321107405833,0.9786321107405833,0.731218118587566,0.9786321107405833,0.9786321107405833,0.7957514711451051,0.9786321107405833,0.731218118587566,0.731218118587566,0.9786321107405833,0.9786321107405833,0.7957514711451051,0.7957514711451051,0.731218118587566,0.731218118587566,0.731218118587566,0.9786321107405833,0.9786321107405833,0.9786321107405833
2.0,2.0,2.0,2.0,2.0,2.0,2.0,2.0,2.0,2.0,2.0,2.0,2.0,2.0,2.0,2.0,2.0,2.0,2.0,2.0,2.0,2.0,2.0,2.0,2.0,2.0,2.0,2.0,2.0,2.0,2.0,2.0,2.0,2.0,2.0,2.0,2.0,2.0,2.0,2.0,2.0,2.0,2.0,2.0,2.0,2.0,2.0,2.0,2.0,2.0,2.0,2.0,2.0,2.0,2.0,2.0,2.0,2.0,2.0,2.0,2.0,2.0,2.0,2.0,2.0,2.0,2.0,2.0,2.0,2.0,2.0,2.0,2.0,2.0,2.0,2.0,2.0,2.0,2.0,2.0,2.0,2.0,2.0,2.0,2.0,2.0,2.0,2.0,2.0,2.0,2.0,2.0,2.0,2.0,2.0,2.0,2.0,2.0,2.0,2.0,0.947413070348744,0.947413070348744,0.8951572834912909,0.8951572834912909,0.8951572834912909,0.8951572834912909,0.8951572834912909,1.0,0.8951572834912909,0.8951572834912909,0.8951572834912909,0.8951572834912909,0.8951572834912909,0.8951572834912909,0.8951572834912909,0.8951572834912909,0.8951572834912909,0.8951572834912909,0.8951572834912909,0.8951572834912909,0.8450336056849419,0.8951572834912909,0.8951572834912909,0.8951572834912909,0.8951572834912909,0.8951572834912909,0.8951572834912909,0.947413070348744,0.8951572834912909,0.8951572834912909,0.947413070348744,0.8951572834912909,0.947413070348744,1.0,0.8951572834912909,0.8951572834912909,0.947413070348744,0.947413070348744,0.8951572834912909,0.8951572834912909,0.8951572834912909,0.8951572834912909,0.8951572834912909,0.8951572834912909,0.8951572834912909,0.8951572834912909,0.8951572834912909,0.8951572834912909,0.8951572834912909,0.8951572834912909,0.9318423281782835,0.9318423281782835,0.9318423281782835,0.896585590133492,0.9318423281782835,0.9318423281782835,0.9201859195669231,0.9201859195669231,0.9201859195669231,0.896585590133492,0.9318423281782835,0.9201859195669231,0.9201859195669231,0.9201859195669231,0.9318423281782835,0.9445546033039115,0.9318423281782835,0.9445546033039115,0.9201859195669231,0.9445546033039115,0.9318423281782835,0.9318423281782835,0.9201859195669231,0.9318423281782835,0.9318423281782835,0.9318423281782835,0.9201859195669231,0.9201859195669231,0.9318423281782835,0.9201859195669231,0.9201859195669231,0.9318423281782835,0.9318423281782835,0.9201859195669231,0.9201859195669231,0.9318423281782835,0.9318423281782835,0.9201859195669231,0.9201859195669231,0.9201859195669231,0.9318423281782835,0.9318423281782835,0.9201859195669231,0.9318423281782835,0.9201859195669231,1.0,0.9318423281782835,0.9201859195669231,0.9318423281782835,0.9201859195669231,0.47661524385153503,0.47661524385153503,0.49992552309463756,0.49992552309463756,0.49992552309463756,0.49992552309463756,0.49992552309463756,0.4453979034738875,0.49992552309463756,0.49992552309463756,0.49992552309463756,0.49992552309463756,0.49992552309463756,0.49992552309463756,0.49992552309463756,0.49992552309463756,0.49992552309463756,0.49992552309463756,0.49992552309463756,0.49992552309463756,0.5512377814625811,0.49992552309463756,0.49992552309463756,0.49992552309463756,0.49992552309463756,0.49992552309463756,0.49992552309463756,0.47661524385153503,0.49992552309463756,0.49992552309463756,0.47661524385153503,0.49992552309463756,0.47661524385153503,0.4453979034738875,0.49992552309463756,0.49992552309463756,0.47661524385153503,0.47661524385153503,0.49992552309463756,0.49992552309463756,0.49992552309463756,0.49992552309463756,0.49992552309463756,0.49992552309463756,0.49992552309463756,0.49992552309463756,0.49992552309463756,0.49992552309463756,0.49992552309463756,0.49992552309463756,0.846463997163344,0.846463997163344,0.846463997163344,0.7480076047110061,0.846463997163344,0.846463997163344,0.8576789165060791,0.8576789165060791,0.8576789165060791,0.7480076047110061,0.846463997163344,0.8576789165060791,0.8576789165060791,0.8576789165060791,0.846463997163344,0.9662829205217033,0.846463997163344,0.9662829205217033,0.8576789165060791,0.9662829205217033,0.846463997163344,0.846463997163344,0.8576789165060791,0.846463997163344,0.846463997163344,0.846463997163344,0.8576789165060791,0.8576789165060791,0.846463997163344,0.8576789165060791,0.8576789165060791,0.846463997163344,0.846463997163344,0.8576789165060791,0.8576789165060791,0.846463997163344,0.846463997163344,0.8576789165060791,0.8576789165060791,0.8576789165060791,0.846463997163344,0.846463997163344,0.8576789165060791,0.846463997163344,0.8576789165060791,0.8192583654689304,0.846463997163344,0.8576789165060791,0.846463997163344,0.8576789165060791
2.0,2.0,2.0,2.0,2.0,2.0,2.0,2.0,2.0,2.0,2.0,2.0,2.0,2.0,2.0,2.0,2.0,2.0,2.0,2.0,2.0,2.0,2.0,2.0,2.0,2.0,2.0,2.0,2.0,2.0,2.0,2.0,2.0,2.0,2.0,2.0,2.0,2.0,2.0,2.0,2.0,2.0,2.0,2.0,2.0,2.0,2.0,2.0,2.0,2.0,2.0,2.0,2.0,2.0,2.0,2.0,2.0,2.0,2.0,2.0,2.0,2.0,2.0,2.0,2.0,2.0,2.0,2.0,2.0,2.0,2.0,2.0,2.0,2.0,2.0,2.0,2.0,2.0,2.0,2.0,2.0,2.0,2.0,2.0,2.0,2.0,2.0,2.0,2.0,2.0,2.0,2.0,2.0,2.0,2.0,2.0,2.0,2.0,2.0,2.0,0.8931024876960031,0.8951572834912909,0.8931024876960031,0.8931024876960031,0.8931024876960031,0.8931024876960031,0.8931024876960031,0.8951572834912909,0.8931024876960031,0.821359053296178,0.8931024876960031,0.8931024876960031,0.8931024876960031,0.8931024876960031,0.964188027678667,0.8931024876960031,0.8931024876960031,0.8951572834912909,0.8909053948747238,0.8931024876960031,0.8931024876960031,0.8931024876960031,0.8931024876960031,0.8931024876960031,0.8951572834912909,0.8931024876960031,0.8931024876960031,0.8951572834912909,0.821359053296178,0.8951572834912909,0.8909053948747238,0.8951572834912909,0.8951572834912909,0.8931024876960031,0.8931024876960031,0.8951572834912909,0.8931024876960031,0.8931024876960031,0.8931024876960031,0.8931024876960031,0.8931024876960031,0.8931024876960031,0.8931024876960031,0.8951572834912909,0.8931024876960031,0.8931024876960031,0.8931024876960031,0.8931024876960031,0.8931024876960031,0.8931024876960031,0.9868630309860055,0.9318423281782835,0.9318423281782835,0.9318423281782835,0.9318423281782835,0.9318423281782835,0.9318423281782835,0.9318423281782835,0.9730251314897399,0.9318423281782835,0.9318423281782835,0.9318423281782835,0.9318423281782835,0.9318423281782835,0.9318423281782835,0.9318423281782835,0.9318423281782835,0.9318423281782835,0.9868630309860055,0.9318423281782835,0.9318423281782835,0.9318423281782835,0.9318423281782835,0.9318423281782835,0.9318423281782835,0.9318423281782835,0.9318423281782835,0.9318423281782835,0.9318423281782835,0.9318423281782835,0.9318423281782835,0.9318423281782835,0.9318423281782835,0.9318423281782835,0.9318423281782835,0.9318423281782835,0.9318423281782835,0.9318423281782835,0.9318423281782835,0.9318423281782835,0.9318423281782835,0.9318423281782835,0.9318423281782835,0.9318423281782835,0.9318423281782835,0.9318423281782835,0.9318423281782835,0.9318423281782835,0.9318423281782835,0.9318423281782835,0.5334259416373754,0.49992552309463756,0.5334259416373754,0.5334259416373754,0.5334259416373754,0.5334259416373754,0.5334259416373754,0.49992552309463756,0.5334259416373754,0.532132256353885,0.5334259416373754,0.5334259416373754,0.5334259416373754,0.5334259416373754,0.5942388648994854,0.5334259416373754,0.5334259416373754,0.49992552309463756,0.5225271398820485,0.5334259416373754,0.5334259416373754,0.5334259416373754,0.5334259416373754,0.5334259416373754,0.49992552309463756,0.5334259416373754,0.5334259416373754,0.49992552309463756,0.532132256353885,0.49992552309463756,0.5225271398820485,0.49992552309463756,0.49992552309463756,0.5334259416373754,0.5334259416373754,0.49992552309463756,0.5334259416373754,0.5334259416373754,0.5334259416373754,0.5334259416373754,0.5334259416373754,0.5334259416373754,0.5334259416373754,0.49992552309463756,0.5334259416373754,0.5334259416373754,0.5334259416373754,0.5334259416373754,0.5334259416373754,0.5334259416373754,0.8269155647418901,0.846463997163344,0.846463997163344,0.846463997163344,0.846463997163344,0.846463997163344,0.846463997163344,0.846463997163344,0.8155303898112247,0.846463997163344,0.846463997163344,0.846463997163344,0.846463997163344,0.846463997163344,0.846463997163344,0.846463997163344,0.846463997163344,0.846463997163344,0.8269155647418901,0.846463997163344,0.846463997163344,0.846463997163344,0.846463997163344,0.846463997163344,0.846463997163344,0.846463997163344,0.846463997163344,0.846463997163344,0.846463997163344,0.846463997163344,0.846463997163344,0.846463997163344,0.846463997163344,0.846463997163344,0.846463997163344,0.846463997163344,0.846463997163344,0.846463997163344,0.846463997163344,0.846463997163344,0.846463997163344,0.846463997163344,0.846463997163344,0.846463997163344,0.846463997163344,0.846463997163344,0.846463997163344,0.846463997163344,0.846463997163344,0.846463997163344
2.0,2.0,2.0,2.0,2.0,2.0,2.0,2.0,2.0,2.0,2.0,2.0,2.0,2.0,2.0,2.0,2.0,2.0,2.0,2.0,2.0,2.0,2.0,2.0,2.0,2.0,2.0,2.0,2.0,2.0,2.0,2.0,2.0,2.0,2.0,2.0,2.0,2.0,2.0,2.0,2.0,2.0,2.0,2.0,2.0,2.0,2.0,2.0,2.0,2.0,2.0,2.0,2.0,2.0,2.0,2.0,2.0,2.0,2.0,2.0,2.0,2.0,2.0,2.0,2.0,2.0,2.0,2.0,2.0,2.0,2.0,2.0,2.0,2.0,2.0,2.0,2.0,2.0,2.0,2.0,2.0,2.0,2.0,2.0,2.0,2.0,2.0,2.0,2.0,2.0,2.0,2.0,2.0,2.0,2.0,2.0,2.0,2.0,2.0,2.0,0.8778689443033072,0.8951572834912909,0.8951572834912909,0.8951572834912909,0.8778689443033072,0.8951572834912909,0.8951572834912909,0.8951572834912909,0.8951572834912909,0.8951572834912909,0.8778689443033072,0.9150270390876447,0.8951572834912909,0.8778689443033072,0.8951572834912909,0.8951572834912909,0.8778689443033072,0.8778689443033072,0.8951572834912909,0.8951572834912909,0.8951572834912909,0.8778689443033072,0.8778689443033072,0.8951572834912909,0.8951572834912909,0.8951572834912909,0.8951572834912909,0.8951572834912909,0.8778689443033072,0.8951572834912909,0.8951572834912909,0.8951572834912909,0.8951572834912909,0.8951572834912909,0.8778689443033072,0.8951572834912909,0.8951572834912909,0.9150270390876447,0.8951572834912909,0.8778689443033072,0.8951572834912909,1.0,1.0,0.9150270390876447,1.0,0.8951572834912909,0.8951572834912909,0.8951572834912909,0.8951572834912909,0.8951572834912909,0.9892989810215128,0.8483596498736192,0.9892989810215128,0.9892989810215128,0.9318423281782835,0.8483596498736192,0.9892989810215128,0.9318423281782835,0.9318423281782835,0.9318423281782835,0.9318423281782835,0.9892989810215128,0.9892989810215128,0.8483596498736192,0.8483596498736192,0.9574682211014892,0.9574682211014892,0.8483596498736192,0.9318423281782835,0.9892989810215128,0.9574682211014892,0.9892989810215128,0.9892989810215128,0.8483596498736192,0.9892989810215128,0.9318423281782835,0.9892989810215128,0.8483596498736192,0.9318423281782835,0.9892989810215128,0.8483596498736192,0.9892989810215128,0.9318423281782835,0.8483596498736192,0.8483596498736192,0.9318423281782835,0.9892989810215128,0.8483596498736192,0.8483596498736192,0.9892989810215128,0.9892989810215128,0.9892989810215128,0.9574682211014892,0.9318423281782835,0.9574682211014892,0.9892989810215128,0.9892989810215128,0.9892989810215128,0.9892989810215128,0.9574682211014892,0.5303679653818234,0.49992552309463756,0.49992552309463756,0.49992552309463756,0.5303679653818234,0.49992552309463756,0.49992552309463756,0.49992552309463756,0.49992552309463756,0.49992552309463756,0.5303679653818234,0.4588473936035584,0.49992552309463756,0.5303679653818234,0.49992552309463756,0.49992552309463756,0.5303679653818234,0.5303679653818234,0.49992552309463756,0.49992552309463756,0.49992552309463756,0.5303679653818234,0.5303679653818234,0.49992552309463756,0.49992552309463756,0.49992552309463756,0.49992552309463756,0.49992552309463756,0.5303679653818234,0.49992552309463756,0.49992552309463756,0.49992552309463756,0.49992552309463756,0.49992552309463756,0.5303679653818234,0.49992552309463756,0.49992552309463756,0.4588473936035584,0.49992552309463756,0.5303679653818234,0.49992552309463756,0.46559171297375657,0.46559171297375657,0.4588473936035584,0.46559171297375657,0.49992552309463756,0.49992552309463756,0.49992552309463756,0.49992552309463756,0.49992552309463756,0.7381254614960737,0.9021269857420467,0.7381254614960737,0.7381254614960737,0.846463997163344,0.9021269857420467,0.7381254614960737,0.846463997163344,0.846463997163344,0.846463997163344,0.846463997163344,0.7381254614960737,0.7381254614960737,0.9021269857420467,0.9021269857420467,0.8513767964821028,0.8513767964821028,0.9021269857420467,0.846463997163344,0.7381254614960737,0.8513767964821028,0.7381254614960737,0.7381254614960737,0.9021269857420467,0.7381254614960737,0.846463997163344,0.7381254614960737,0.9021269857420467,0.846463997163344,0.7381254614960737,0.9021269857420467,0.7381254614960737,0.846463997163344,0.9021269857420467,0.9021269857420467,0.846463997163344,0.7381254614960737,0.9021269857420467,0.9021269857420467,0.7381254614960737,0.7381254614960737,0.7381254614960737,0.8513767964821028,0.846463997163344,0.8513767964821028,0.7381254614960737,0.7381254614960737,0.7381254614960737,0.7381254614960737,0.8513767964821028
2.0,2.0,2.0,2.0,2.0,2.0,2.0,2.0,2.0,2.0,2.0,2.0,2.0,2.0,2.0,2.0,2.0,2.0,2.0,2.0,2.0,2.0,2.0,2.0,2.0,2.0,2.0,2.0,2.0,2.0,2.0,2.0,2.0,2.0,2.0,2.0,2.0,2.0,2.0,2.0,2.0,2.0,2.0,2.0,2.0,2.0,2.0,2.0,2.0,2.0,2.0,2.0,2.0,2.0,2.0,2.0,2.0,2.0,2.0,2.0,2.0,2.0,2.0,2.0,2.0,2.0,2.0,2.0,2.0,2.0,2.0,2.0,2.0,2.0,2.0,2.0,2.0,2.0,2.0,2.0,2.0,2.0,2.0,2.0,2.0,2.0,2.0,2.0,2.0,2.0,2.0,2.0,2.0,2.0,2.0,2.0,2.0,2.0,2.0,2.0,0.8876963308646133,0.8876963308646133,0.8951572834912909,0.8951572834912909,0.8951572834912909,0.8951572834912909,0.8951572834912909,0.8951572834912909,0.8876963308646133,0.8876963308646133,0.8951572834912909,0.8951572834912909,0.9786852147299718,0.8876963308646133,0.8876963308646133,0.9786852147299718,0.8876963308646133,0.8366365443468389,0.8876963308646133,0.8876963308646133,0.8876963308646133,0.8951572834912909,0.8366365443468389,0.8366365443468389,0.8876963308646133,0.8876963308646133,0.8876963308646133,0.8876963308646133,0.8951572834912909,0.8876963308646133,0.8951572834912909,0.9786852147299718,0.8366365443468389,0.9786852147299718,0.8366365443468389,0.8876963308646133,0.8876963308646133,0.8366365443468389,0.8951572834912909,0.8951572834912909,0.8366365443468389,0.8951572834912909,0.8876963308646133,0.8876963308646133,0.8876963308646133,0.8366365443468389,0.8951572834912909,0.8876963308646133,0.8951572834912909,0.8876963308646133,0.8483596498736192,0.8761067364600982,0.8761067364600982,0.8874894941562478,0.8483596498736192,0.8483596498736192,0.8874894941562478,0.8483596498736192,0.8483596498736192,0.8483596498736192,0.8483596498736192,0.8483596498736192,0.8483596498736192,0.8483596498736192,0.8483596498736192,0.8483596498736192,0.8761067364600982,0.8483596498736192,0.8483596498736192,0.8483596498736192,0.8483596498736192,0.8483596498736192,0.8483596498736192,0.8483596498736192,0.8483596498736192,0.8483596498736192,0.8483596498736192,0.8761067364600982,0.8483596498736192,0.8483596498736192,0.8483596498736192,0.8483596498736192,0.8483596498736192,0.8483596498736192,0.8761067364600982,0.8483596498736192,0.8483596498736192,0.8483596498736192,0.8483596498736192,0.8483596498736192,0.8483596498736192,0.8483596498736192,0.8483596498736192,0.8483596498736192,0.8388895567610876,0.9277923899727448,0.8874894941562478,0.8483596498736192,0.8483596498736192,0.8483596498736192,0.4689338941030096,0.4689338941030096,0.49992552309463756,0.49992552309463756,0.49992552309463756,0.49992552309463756,0.49992552309463756,0.49992552309463756,0.4689338941030096,0.4689338941030096,0.49992552309463756,0.49992552309463756,0.5018089666362758,0.4689338941030096,0.4689338941030096,0.5018089666362758,0.4689338941030096,0.43804393560926713,0.4689338941030096,0.4689338941030096,0.4689338941030096,0.49992552309463756,0.43804393560926713,0.43804393560926713,0.4689338941030096,0.4689338941030096,0.4689338941030096,0.4689338941030096,0.49992552309463756,0.4689338941030096,0.49992552309463756,0.5018089666362758,0.43804393560926713,0.5018089666362758,0.43804393560926713,0.4689338941030096,0.4689338941030096,0.43804393560926713,0.49992552309463756,0.49992552309463756,0.43804393560926713,0.49992552309463756,0.4689338941030096,0.4689338941030096,0.4689338941030096,0.43804393560926713,0.49992552309463756,0.4689338941030096,0.49992552309463756,0.4689338941030096,0.9021269857420467,0.8359486479501909,0.8359486479501909,0.9385546348207159,0.9021269857420467,0.9021269857420467,0.9385546348207159,0.9021269857420467,0.9021269857420467,0.9021269857420467,0.9021269857420467,0.9021269857420467,0.9021269857420467,0.9021269857420467,0.9021269857420467,0.9021269857420467,0.8359486479501909,0.9021269857420467,0.9021269857420467,0.9021269857420467,0.9021269857420467,0.9021269857420467,0.9021269857420467,0.9021269857420467,0.9021269857420467,0.9021269857420467,0.9021269857420467,0.8359486479501909,0.9021269857420467,0.9021269857420467,0.9021269857420467,0.9021269857420467,0.9021269857420467,0.9021269857420467,0.8359486479501909,0.9021269857420467,0.9021269857420467,0.9021269857420467,0.9021269857420467,0.9021269857420467,0.9021269857420467,0.9021269857420467,0.9021269857420467,0.9021269857420467,0.991235957625002,0.8529170690518338,0.9385546348207159,0.9021269857420467,0.9021269857420467,0.9021269857420467
2.0,2.0,2.0,2.0,2.0,2.0,2.0,2.0,2.0,2.0,2.0,2.0,2.0,2.0,2.0,2.0,2.0,2.0,2.0,2.0,2.0,2.0,2.0,2.0,2.0,2.0,2.0,2.0,2.0,2.0,2.0,2.0,2.0,2.0,2.0,2.0,2.0,2.0,2.0,2.0,2.0,2.0,2.0,2.0,2.0,2.0,2.0,2.0,2.0,2.0,2.0,2.0,2.0,2.0,2.0,2.0,2.0,2.0,2.0,2.0,2.0,2.0,2.0,2.0,2.0,2.0,2.0,2.0,2.0,2.0,2.0,2.0,2.0,2.0,2.0,2.0,2.0,2.0,2.0,2.0,2.0,2.0,2.0,2.0,2.0,2.0,2.0,2.0,2.0,2.0,2.0,2.0,2.0,2.0,2.0,2.0,2.0,2.0,2.0,2.0,0.82040832103158,0.9102030965671934,0.9102030965671934,0.8215603318672055,0.8215603318672055,0.8215603318672055,0.82040832103158,0.8215603318672055,0.8215603318672055,0.82040832103158,0.8215603318672055,0.8951572834912909,0.8215603318672055,0.8215603318672055,0.8951572834912909,0.8215603318672055,0.8215603318672055,0.8215603318672055,0.8215603318672055,0.8215603318672055,0.8215603318672055,0.8215603318672055,0.8951572834912909,0.8215603318672055,0.8215603318672055,0.8215603318672055,0.82040832103158,0.8215603318672055,0.8215603318672055,0.8951572834912909,0.8215603318672055,0.8215603318672055,0.8215603318672055,0.8951572834912909,0.8215603318672055,0.8215603318672055,0.8215603318672055,0.8215603318672055,0.8215603318672055,0.82040832103158,0.8215603318672055,0.8215603318672055,0.8215603318672055,0.8215603318672055,0.8215603318672055,0.844868791532739,0.8215603318672055,0.8215603318672055,0.8215603318672055,0.8215603318672055,0.7199966872379319,0.7595352472494488,0.7595352472494488,0.7595352472494488,0.7595352472494488,0.7595352472494488,0.7595352472494488,0.7595352472494488,0.7595352472494488,0.7595352472494488,0.7595352472494488,0.7595352472494488,0.6578188898704017,0.7595352472494488,0.7595352472494488,0.7595352472494488,0.7595352472494488,0.7595352472494488,0.7595352472494488,0.7595352472494488,0.7595352472494488,0.7595352472494488,0.7595352472494488,0.7199966872379319,0.7595352472494488,0.7595352472494488,0.7199966872379319,0.7199966872379319,0.7595352472494488,0.7595352472494488,0.7595352472494488,0.7595352472494488,0.7199966872379319,0.7595352472494488,0.7199966872379319,0.7595352472494488,0.7595352472494488,0.7223348517876003,0.7595352472494488,0.7595352472494488,0.7595352472494488,0.7595352472494488,0.7595352472494488,0.7595352472494488,0.7595352472494488,0.7595352472494488,0.7595352472494488,0.7595352472494488,0.7199966872379319,0.7199966872379319,0.4777916030787309,0.5314038431760213,0.5314038431760213,0.4744037509944512,0.4744037509944512,0.4744037509944512,0.4777916030787309,0.4744037509944512,0.4744037509944512,0.4777916030787309,0.4744037509944512,0.49992552309463756,0.4744037509944512,0.4744037509944512,0.49992552309463756,0.4744037509944512,0.4744037509944512,0.4744037509944512,0.4744037509944512,0.4744037509944512,0.4744037509944512,0.4744037509944512,0.49992552309463756,0.4744037509944512,0.4744037509944512,0.4744037509944512,0.4777916030787309,0.4744037509944512,0.4744037509944512,0.49992552309463756,0.4744037509944512,0.4744037509944512,0.4744037509944512,0.49992552309463756,0.4744037509944512,0.4744037509944512,0.4744037509944512,0.4744037509944512,0.4744037509944512,0.4777916030787309,0.4744037509944512,0.4744037509944512,0.4744037509944512,0.4744037509944512,0.4744037509944512,0.5035655195489606,0.4744037509944512,0.4744037509944512,0.4744037509944512,0.4744037509944512,0.8091638171138293,0.7880647592852484,0.7880647592852484,0.7880647592852484,0.7880647592852484,0.7880647592852484,0.7880647592852484,0.7880647592852484,0.7880647592852484,0.7880647592852484,0.7880647592852484,0.7880647592852484,0.7661583240323477,0.7880647592852484,0.7880647592852484,0.7880647592852484,0.7880647592852484,0.7880647592852484,0.7880647592852484,0.7880647592852484,0.7880647592852484,0.7880647592852484,0.7880647592852484,0.8091638171138293,0.7880647592852484,0.7880647592852484,0.8091638171138293,0.8091638171138293,0.7880647592852484,0.7880647592852484,0.7880647592852484,0.7880647592852484,0.8091638171138293,0.7880647592852484,0.8091638171138293,0.7880647592852484,0.7880647592852484,0.8060645700908197,0.7880647592852484,0.7880647592852484,0.7880647592852484,0.7880647592852484,0.7880647592852484,0.7880647592852484,0.7880647592852484,0.7880647592852484,0.7880647592852484,0.7880647592852484,0.8091638171138293,0.8091638171138293
2.0,2.0,2.0,2.0,2.0,2.0,2.0,2.0,2.0,2.0,2.0,2.0,2.0,2.0,2.0,2.0,2.0,2.0,2.0,2.0,2.0,2.0,2.0,2.0,2.0,2.0,2.0,2.0,2.0,2.0,2.0,2.0,2.0,2.0,2.0,2.0,2.0,2.0,2.0,2.0,2.0,2.0,2.0,2.0,2.0,2.0,2.0,2.0,2.0,2.0,2.0,2.0,2.0,2.0,2.0,2.0,2.0,2.0,2.0,2.0,2.0,2.0,2.0,2.0,2.0,2.0,2.0,2.0,2.0,2.0,2.0,2.0,2.0,2.0,2.0,2.0,2.0,2.0,2.0,2.0,2.0,2.0,2.0,2.0,2.0,2.0,2.0,2.0,2.0,2.0,2.0,2.0,2.0,2.0,2.0,2.0,2.0,2.0,2.0,2.0,0.9254005128865876,0.8890043923405787,0.9168418736512469,0.9254005128865876,0.9168418736512469,0.9254005128865876,0.9254005128865876,0.9254005128865876,0.9254005128865876,0.9254005128865876,0.9102030965671934,0.9168418736512469,0.9254005128865876,0.9102030965671934,0.9168418736512469,0.9254005128865876,0.9168418736512469,0.9102030965671934,0.9102030965671934,0.9254005128865876,0.9102030965671934,0.9254005128865876,0.9254005128865876,0.9168418736512469,0.9254005128865876,0.9168418736512469,0.9254005128865876,0.9254005128865876,0.9254005128865876,0.9102030965671934,0.9168418736512469,0.9168418736512469,0.9102030965671934,0.9254005128865876,0.9254005128865876,0.9254005128865876,0.9168418736512469,0.9254005128865876,0.9254005128865876,0.9168418736512469,0.9254005128865876,0.9102030965671934,0.9168418736512469,0.9168418736512469,0.9254005128865876,0.9254005128865876,0.9254005128865876,0.9254005128865876,0.9168418736512469,0.9168418736512469,0.6639828383425391,0.6578188898704017,0.545911890801422,0.6578188898704017,0.6639828383425391,0.5663054186426223,0.6578188898704017,0.6578188898704017,0.6578188898704017,0.6578188898704017,0.5663054186426223,0.6578188898704017,0.6578188898704017,0.6578188898704017,0.6578188898704017,0.6578188898704017,0.6578188898704017,0.6578188898704017,0.6639828383425391,0.6578188898704017,0.6578188898704017,0.6578188898704017,0.6578188898704017,0.6578188898704017,0.6578188898704017,0.6578188898704017,0.545911890801422,0.6578188898704017,0.6639828383425391,0.6578188898704017,0.545911890801422,0.6578188898704017,0.5663054186426223,0.6578188898704017,0.6578188898704017,0.6578188898704017,0.6578188898704017,0.6578188898704017,0.6578188898704017,0.6578188898704017,0.6578188898704017,0.6578188898704017,0.6639828383425391,0.6578188898704017,0.6578188898704017,0.6639828383425391,0.5663054186426223,0.6578188898704017,0.5663054186426223,0.6578188898704017,0.4604857868913048,0.6293594675002813,0.37832244754716154,0.4604857868913048,0.37832244754716154,0.4604857868913048,0.4604857868913048,0.4604857868913048,0.4604857868913048,0.4604857868913048,0.5314038431760213,0.37832244754716154,0.4604857868913048,0.5314038431760213,0.37832244754716154,0.4604857868913048,0.37832244754716154,0.5314038431760213,0.5314038431760213,0.4604857868913048,0.5314038431760213,0.4604857868913048,0.4604857868913048,0.37832244754716154,0.4604857868913048,0.37832244754716154,0.4604857868913048,0.4604857868913048,0.4604857868913048,0.5314038431760213,0.37832244754716154,0.37832244754716154,0.5314038431760213,0.4604857868913048,0.4604857868913048,0.4604857868913048,0.37832244754716154,0.4604857868913048,0.4604857868913048,0.37832244754716154,0.4604857868913048,0.5314038431760213,0.37832244754716154,0.37832244754716154,0.4604857868913048,0.4604857868913048,0.4604857868913048,0.4604857868913048,0.37832244754716154,0.37832244754716154,0.7703250414446702,0.7661583240323477,0.8257965702273447,0.7661583240323477,0.7703250414446702,0.7153323882372302,0.7661583240323477,0.7661583240323477,0.7661583240323477,0.7661583240323477,0.7153323882372302,0.7661583240323477,0.7661583240323477,0.7661583240323477,0.7661583240323477,0.7661583240323477,0.7661583240323477,0.7661583240323477,0.7703250414446702,0.7661583240323477,0.7661583240323477,0.7661583240323477,0.7661583240323477,0.7661583240323477,0.7661583240323477,0.7661583240323477,0.8257965702273447,0.7661583240323477,0.7703250414446702,0.7661583240323477,0.8257965702273447,0.7661583240323477,0.7153323882372302,0.7661583240323477,0.7661583240323477,0.7661583240323477,0.7661583240323477,0.7661583240323477,0.7661583240323477,0.7661583240323477,0.7661583240323477,0.7661583240323477,0.7703250414446702,0.7661583240323477,0.7661583240323477,0.7703250414446702,0.7153323882372302,0.7661583240323477,0.7153323882372302,0.7661583240323477
2.0,2.0,2.0,2.0,2.0,2.0,2.0,2.0,2.0,2.0,2.0,2.0,2.0,2.0,2.0,2.0,2.0,2.0,2.0,2.0,2.0,2.0,2.0,2.0,2.0,2.0,2.0,2.0,2.0,2.0,2.0,2.0,2.0,2.0,2.0,2.0,2.0,2.0,2.0,2.0,2.0,2.0,2.0,2.0,2.0,2.0,2.0,2.0,2.0,2.0,2.0,2.0,2.0,2.0,2.0,2.0,2.0,2.0,2.0,2.0,2.0,2.0,2.0,2.0,2.0,2.0,2.0,2.0,2.0,2.0,2.0,2.0,2.0,2.0,2.0,2.0,2.0,2.0,2.0,2.0,2.0,2.0,2.0,2.0,2.0,2.0,2.0,2.0,2.0,2.0,2.0,2.0,2.0,2.0,2.0,2.0,2.0,2.0,2.0,2.0,0.9568856629116723,0.9568856629116723,1.0,0.9568856629116723,0.9568856629116723,0.9568856629116723,0.9568856629116723,0.9568856629116723,0.9568856629116723,0.9568856629116723,0.9568856629116723,0.9568856629116723,0.9568856629116723,0.9568856629116723,0.9568856629116723,0.9568856629116723,0.9568856629116723,0.9568856629116723,0.9568856629116723,0.9568856629116723,0.8796577897457346,0.9568856629116723,0.9568856629116723,0.9568856629116723,0.9568856629116723,0.9568856629116723,0.9568856629116723,0.9568856629116723,0.9568856629116723,0.9568856629116723,0.9568856629116723,0.9568856629116723,0.9568856629116723,0.9568856629116723,0.9568856629116723,0.9568856629116723,0.9568856629116723,0.9568856629116723,0.9568856629116723,0.9568856629116723,0.9568856629116723,0.9568856629116723,0.9568856629116723,0.9568856629116723,0.9568856629116723,0.9568856629116723,0.9568856629116723,0.9568856629116723,0.9568856629116723,0.9047384982900067,0.6578188898704017,0.6578188898704017,0.6578188898704017,0.6578188898704017,0.6578188898704017,0.6578188898704017,0.6578188898704017,0.6578188898704017,0.6578188898704017,0.6578188898704017,0.6578188898704017,0.6578188898704017,0.6578188898704017,0.6578188898704017,0.673259001775296,0.6578188898704017,0.673259001775296,0.6578188898704017,0.6578188898704017,0.6058342997977415,0.6578188898704017,0.6578188898704017,0.6578188898704017,0.6578188898704017,0.6578188898704017,0.6578188898704017,0.673259001775296,0.6578188898704017,0.6578188898704017,0.6578188898704017,0.6578188898704017,0.6578188898704017,0.6578188898704017,0.6578188898704017,0.6578188898704017,0.6578188898704017,0.6578188898704017,0.6578188898704017,0.6578188898704017,0.6578188898704017,0.6578188898704017,0.6578188898704017,0.6578188898704017,0.6578188898704017,0.6578188898704017,0.6578188898704017,0.6578188898704017,0.6578188898704017,0.6578188898704017,0.6578188898704017,0.5621898839119038,0.5621898839119038,0.6677095180026571,0.5621898839119038,0.5621898839119038,0.5621898839119038,0.5621898839119038,0.5621898839119038,0.5621898839119038,0.5621898839119038,0.5621898839119038,0.5621898839119038,0.5621898839119038,0.5621898839119038,0.5621898839119038,0.5621898839119038,0.5621898839119038,0.5621898839119038,0.5621898839119038,0.5621898839119038,0.5196980340817711,0.5621898839119038,0.5621898839119038,0.5621898839119038,0.5621898839119038,0.5621898839119038,0.5621898839119038,0.5621898839119038,0.5621898839119038,0.5621898839119038,0.5621898839119038,0.5621898839119038,0.5621898839119038,0.5621898839119038,0.5621898839119038,0.5621898839119038,0.5621898839119038,0.5621898839119038,0.5621898839119038,0.5621898839119038,0.5621898839119038,0.5621898839119038,0.5621898839119038,0.5621898839119038,0.5621898839119038,0.5621898839119038,0.5621898839119038,0.5621898839119038,0.5621898839119038,0.5141288627392543,0.7661583240323477,0.7661583240323477,0.7661583240323477,0.7661583240323477,0.7661583240323477,0.7661583240323477,0.7661583240323477,0.7661583240323477,0.7661583240323477,0.7661583240323477,0.7661583240323477,0.7661583240323477,0.7661583240323477,0.7661583240323477,0.7306563216674961,0.7661583240323477,0.7306563216674961,0.7661583240323477,0.7661583240323477,0.7892749615995033,0.7661583240323477,0.7661583240323477,0.7661583240323477,0.7661583240323477,0.7661583240323477,0.7661583240323477,0.7306563216674961,0.7661583240323477,0.7661583240323477,0.7661583240323477,0.7661583240323477,0.7661583240323477,0.7661583240323477,0.7661583240323477,0.7661583240323477,0.7661583240323477,0.7661583240323477,0.7661583240323477,0.7661583240323477,0.7661583240323477,0.7661583240323477,0.7661583240323477,0.7661583240323477,0.7661583240323477,0.7661583240323477,0.7661583240323477,0.7661583240323477,0.7661583240323477,0.7661583240323477,0.7661583240323477
2.0,2.0,2.0,2.0,2.0,2.0,2.0,2.0,2.0,2.0,2.0,2.0,2.0,2.0,2.0,2.0,2.0,2.0,2.0,2.0,2.0,2.0,2.0,2.0,2.0,2.0,2.0,2.0,2.0,2.0,2.0,2.0,2.0,2.0,2.0,2.0,2.0,2.0,2.0,2.0,2.0,2.0,2.0,2.0,2.0,2.0,2.0,2.0,2.0,2.0,2.0,2.0,2.0,2.0,2.0,2.0,2.0,2.0,2.0,2.0,2.0,2.0,2.0,2.0,2.0,2.0,2.0,2.0,2.0,2.0,2.0,2.0,2.0,2.0,2.0,2.0,2.0,2.0,2.0,2.0,2.0,2.0,2.0,2.0,2.0,2.0,2.0,2.0,2.0,2.0,2.0,2.0,2.0,2.0,2.0,2.0,2.0,2.0,2.0,2.0,0.9568856629116723,0.9568856629116723,0.9568856629116723,0.9568856629116723,0.9568856629116723,0.9568856629116723,0.9829159316988653,0.9568856629116723,0.9568856629116723,0.9568856629116723,0.9568856629116723,0.9568856629116723,0.9675040742075888,0.9568856629116723,0.9675040742075888,0.9675040742075888,0.9568856629116723,0.9568856629116723,0.9568856629116723,0.9568856629116723,0.9568856629116723,0.9568856629116723,0.9568856629116723,0.9675040742075888,0.9568856629116723,0.9675040742075888,0.9568856629116723,0.9568856629116723,0.9675040742075888,0.9568856629116723,0.9568856629116723,0.9568856629116723,0.9675040742075888,0.9568856629116723,0.9568856629116723,0.9568856629116723,0.9568856629116723,0.9568856629116723,0.9675040742075888,0.9568856629116723,0.9568856629116723,0.9568856629116723,0.9568856629116723,0.9568856629116723,0.9568856629116723,0.9568856629116723,0.9675040742075888,0.9568856629116723,0.9568856629116723,0.9568856629116723,0.5237584539235496,0.6578188898704017,0.6578188898704017,0.6578188898704017,0.6578188898704017,0.6578188898704017,0.6578188898704017,0.6578188898704017,0.6578188898704017,0.6578188898704017,0.6578188898704017,0.6578188898704017,0.6703559432932669,0.6578188898704017,0.6703559432932669,0.5237584539235496,0.6703559432932669,0.6703559432932669,0.6703559432932669,0.6578188898704017,0.5237584539235496,0.6578188898704017,0.6703559432932669,0.6578188898704017,0.6578188898704017,0.6578188898704017,0.6703559432932669,0.6703559432932669,0.6578188898704017,0.6703559432932669,0.6578188898704017,0.6578188898704017,0.6703559432932669,0.6578188898704017,0.6578188898704017,0.6578188898704017,0.6578188898704017,0.6578188898704017,0.5779080805761261,0.6578188898704017,0.6578188898704017,0.6578188898704017,0.6578188898704017,0.6578188898704017,0.6578188898704017,0.6578188898704017,0.6703559432932669,0.6578188898704017,0.6578188898704017,0.6578188898704017,0.5621898839119038,0.5621898839119038,0.5621898839119038,0.5621898839119038,0.5621898839119038,0.5621898839119038,0.5902303870392451,0.5621898839119038,0.5621898839119038,0.5621898839119038,0.5621898839119038,0.5621898839119038,0.5400061185766138,0.5621898839119038,0.5400061185766138,0.5400061185766138,0.5621898839119038,0.5621898839119038,0.5621898839119038,0.5621898839119038,0.5621898839119038,0.5621898839119038,0.5621898839119038,0.5400061185766138,0.5621898839119038,0.5400061185766138,0.5621898839119038,0.5621898839119038,0.5400061185766138,0.5621898839119038,0.5621898839119038,0.5621898839119038,0.5400061185766138,0.5621898839119038,0.5621898839119038,0.5621898839119038,0.5621898839119038,0.5621898839119038,0.5400061185766138,0.5621898839119038,0.5621898839119038,0.5621898839119038,0.5621898839119038,0.5621898839119038,0.5621898839119038,0.5621898839119038,0.5400061185766138,0.5621898839119038,0.5621898839119038,0.5621898839119038,0.6577598444263136,0.7661583240323477,0.7661583240323477,0.7661583240323477,0.7661583240323477,0.7661583240323477,0.7661583240323477,0.7661583240323477,0.7661583240323477,0.7661583240323477,0.7661583240323477,0.7661583240323477,0.6770203916983953,0.7661583240323477,0.6770203916983953,0.6577598444263136,0.6770203916983953,0.6770203916983953,0.6770203916983953,0.7661583240323477,0.6577598444263136,0.7661583240323477,0.6770203916983953,0.7661583240323477,0.7661583240323477,0.7661583240323477,0.6770203916983953,0.6770203916983953,0.7661583240323477,0.6770203916983953,0.7661583240323477,0.7661583240323477,0.6770203916983953,0.7661583240323477,0.7661583240323477,0.7661583240323477,0.7661583240323477,0.7661583240323477,0.6731630191175247,0.7661583240323477,0.7661583240323477,0.7661583240323477,0.7661583240323477,0.7661583240323477,0.7661583240323477,0.7661583240323477,0.6770203916983953,0.7661583240323477,0.7661583240323477,0.7661583240323477
2.0,2.0,2.0,2.0,2.0,2.0,2.0,2.0,2.0,2.0,2.0,2.0,2.0,2.0,2.0,2.0,2.0,2.0,2.0,2.0,2.0,2.0,2.0,2.0,2.0,2.0,2.0,2.0,2.0,2.0,2.0,2.0,2.0,2.0,2.0,2.0,2.0,2.0,2.0,2.0,2.0,2.0,2.0,2.0,2.0,2.0,2.0,2.0,2.0,2.0,2.0,2.0,2.0,2.0,2.0,2.0,2.0,2.0,2.0,2.0,2.0,2.0,2.0,2.0,2.0,2.0,2.0,2.0,2.0,2.0,2.0,2.0,2.0,2.0,2.0,2.0,2.0,2.0,2.0,2.0,2.0,2.0,2.0,2.0,2.0,2.0,2.0,2.0,2.0,2.0,2.0,2.0,2.0,2.0,2.0,2.0,2.0,2.0,2.0,2.0,0.9568856629116723,0.9568856629116723,0.9568856629116723,0.9822907120817806,0.9822907120817806,0.9822907120817806,0.9822907120817806,0.9568856629116723,0.9568856629116723,0.9822907120817806,0.9822907120817806,0.9568856629116723,0.9822907120817806,0.9568856629116723,0.9568856629116723,0.9822907120817806,0.9568856629116723,0.9568856629116723,0.9568856629116723,0.9822907120817806,0.9568856629116723,0.9568856629116723,0.9568856629116723,0.9568856629116723,0.9519881375986957,0.9822907120817806,0.9568856629116723,0.9568856629116723,0.9568856629116723,0.9822907120817806,0.9568856629116723,0.9568856629116723,0.9568856629116723,0.9568856629116723,0.9822907120817806,0.9568856629116723,0.9568856629116723,0.9568856629116723,0.9568856629116723,0.9568856629116723,0.9568856629116723,0.9568856629116723,0.9568856629116723,0.9822907120817806,0.9568856629116723,0.9822907120817806,0.9568856629116723,0.9568856629116723,0.9568856629116723,0.9568856629116723,0.7077872593100677,0.598659471419347,0.598659471419347,0.6316093129447041,0.6316093129447041,0.598659471419347,0.6703559432932669,0.598659471419347,0.598659471419347,0.598659471419347,0.598659471419347,0.6703559432932669,0.6012151121642344,0.598659471419347,0.6316093129447041,0.598659471419347,0.6012151121642344,0.6316093129447041,0.6316093129447041,0.598659471419347,0.6012151121642344,0.6316093129447041,0.6703559432932669,0.6703559432932669,0.6703559432932669,0.6316093129447041,0.6316093129447041,0.598659471419347,0.6012151121642344,0.598659471419347,0.6012151121642344,0.6316093129447041,0.6316093129447041,0.6316093129447041,0.6316093129447041,0.6012151121642344,0.598659471419347,0.598659471419347,0.6703559432932669,0.598659471419347,0.6316093129447041,0.6703559432932669,0.7077872593100677,0.598659471419347,0.6703559432932669,0.7077872593100677,0.598659471419347,0.598659471419347,0.598659471419347,0.598659471419347,0.5621898839119038,0.5621898839119038,0.5621898839119038,0.6163315178628864,0.6163315178628864,0.6163315178628864,0.6163315178628864,0.5621898839119038,0.5621898839119038,0.6163315178628864,0.6163315178628864,0.5621898839119038,0.6163315178628864,0.5621898839119038,0.5621898839119038,0.6163315178628864,0.5621898839119038,0.5621898839119038,0.5621898839119038,0.6163315178628864,0.5621898839119038,0.5621898839119038,0.5621898839119038,0.5621898839119038,0.5157742573218757,0.6163315178628864,0.5621898839119038,0.5621898839119038,0.5621898839119038,0.6163315178628864,0.5621898839119038,0.5621898839119038,0.5621898839119038,0.5621898839119038,0.6163315178628864,0.5621898839119038,0.5621898839119038,0.5621898839119038,0.5621898839119038,0.5621898839119038,0.5621898839119038,0.5621898839119038,0.5621898839119038,0.6163315178628864,0.5621898839119038,0.6163315178628864,0.5621898839119038,0.5621898839119038,0.5621898839119038,0.5621898839119038,0.6359580362324948,0.5903063489048299,0.5903063489048299,0.6504813272220625,0.6504813272220625,0.5903063489048299,0.6770203916983953,0.5903063489048299,0.5903063489048299,0.5903063489048299,0.5903063489048299,0.6770203916983953,0.5349225770142461,0.5903063489048299,0.6504813272220625,0.5903063489048299,0.5349225770142461,0.6504813272220625,0.6504813272220625,0.5903063489048299,0.5349225770142461,0.6504813272220625,0.6770203916983953,0.6770203916983953,0.6770203916983953,0.6504813272220625,0.6504813272220625,0.5903063489048299,0.5349225770142461,0.5903063489048299,0.5349225770142461,0.6504813272220625,0.6504813272220625,0.6504813272220625,0.6504813272220625,0.5349225770142461,0.5903063489048299,0.5903063489048299,0.6770203916983953,0.5903063489048299,0.6504813272220625,0.6770203916983953,0.6359580362324948,0.5903063489048299,0.6770203916983953,0.6359580362324948,0.5903063489048299,0.5903063489048299,0.5903063489048299,0.5903063489048299
2.0,2.0,2.0,2.0,2.0,2.0,2.0,2.0,2.0,2.0,2.0,2.0,2.0,2.0,2.0,2.0,2.0,2.0,2.0,2.0,2.0,2.0,2.0,2.0,2.0,2.0,2.0,2.0,2.0,2.0,2.0,2.0,2.0,2.0,2.0,2.0,2.0,2.0,2.0,2.0,2.0,2.0,2.0,2.0,2.0,2.0,2.0,2.0,2.0,2.0,2.0,2.0,2.0,2.0,2.0,2.0,2.0,2.0,2.0,2.0,2.0,2.0,2.0,2.0,2.0,2.0,2.0,2.0,2.0,2.0,2.0,2.0,2.0,2.0,2.0,2.0,2.0,2.0,2.0,2.0,2.0,2.0,2.0,2.0,2.0,2.0,2.0,2.0,2.0,2.0,2.0,2.0,2.0,2.0,2.0,2.0,2.0,2.0,2.0,2.0,0.987650066393836,0.987650066393836,0.9920935215086014,0.9822907120817806,1.0,0.987650066393836,0.9961406517669628,0.987650066393836,0.9920935215086014,0.9961406517669628,1.0,1.0,0.9920935215086014,0.9961406517669628,0.9822907120817806,1.0,0.9679378608577365,1.0,0.9920935215086014,1.0,0.9920935215086014,0.9822907120817806,1.0,0.987650066393836,0.987650066393836,0.987650066393836,0.987650066393836,0.9920935215086014,0.9961406517669628,0.987650066393836,0.9822907120817806,0.987650066393836,0.9920935215086014,0.8284703094412538,0.9961406517669628,0.987650066393836,0.9961406517669628,0.8284703094412538,0.9961406517669628,0.8284703094412538,1.0,0.987650066393836,1.0,0.9679378608577365,1.0,0.9961406517669628,0.9961406517669628,0.9961406517669628,0.987650066393836,0.9961582734364304,0.6072633389694558,0.6072633389694558,0.6072633389694558,0.6072633389694558,0.5613906375774811,0.6072633389694558,0.5613906375774811,0.6072633389694558,0.6072633389694558,0.6072633389694558,0.6072633389694558,0.5613906375774811,0.6072633389694558,0.6072633389694558,0.5613906375774811,0.6072633389694558,0.6072633389694558,0.6072633389694558,0.6072633389694558,0.6072633389694558,0.6072633389694558,0.6072633389694558,0.6072633389694558,0.6072633389694558,0.5613906375774811,0.6072633389694558,0.6072633389694558,0.6072633389694558,0.6072633389694558,0.6072633389694558,0.5613906375774811,0.5613906375774811,0.6072633389694558,0.5808983524260419,0.6072633389694558,0.5613906375774811,0.6495399950699976,0.6072633389694558,0.6072633389694558,0.5808983524260419,0.5613906375774811,0.6072633389694558,0.6072633389694558,0.6072633389694558,0.6072633389694558,0.6072633389694558,0.6495399950699976,0.6072633389694558,0.6072633389694558,0.6072633389694558,0.5994152010960643,0.5994152010960643,0.6149328616134667,0.6163315178628864,0.5359720180659331,0.5994152010960643,0.6164130648364369,0.5994152010960643,0.6149328616134667,0.6164130648364369,0.5359720180659331,0.5359720180659331,0.6149328616134667,0.6164130648364369,0.6163315178628864,0.5359720180659331,0.5300713602593804,0.5359720180659331,0.6149328616134667,0.5359720180659331,0.6149328616134667,0.6163315178628864,0.5359720180659331,0.5994152010960643,0.5994152010960643,0.5994152010960643,0.5994152010960643,0.6149328616134667,0.6164130648364369,0.5994152010960643,0.6163315178628864,0.5994152010960643,0.6149328616134667,0.707083501828564,0.6164130648364369,0.5994152010960643,0.6164130648364369,0.707083501828564,0.6164130648364369,0.707083501828564,0.5359720180659331,0.5994152010960643,0.5359720180659331,0.5300713602593804,0.5359720180659331,0.6164130648364369,0.6164130648364369,0.6164130648364369,0.5994152010960643,0.600287912393566,0.6314501485103435,0.6314501485103435,0.6314501485103435,0.6314501485103435,0.6004840240138947,0.6314501485103435,0.6004840240138947,0.6314501485103435,0.6314501485103435,0.6314501485103435,0.6314501485103435,0.6004840240138947,0.6314501485103435,0.6314501485103435,0.6004840240138947,0.6314501485103435,0.6314501485103435,0.6314501485103435,0.6314501485103435,0.6314501485103435,0.6314501485103435,0.6314501485103435,0.6314501485103435,0.6314501485103435,0.6004840240138947,0.6314501485103435,0.6314501485103435,0.6314501485103435,0.6314501485103435,0.6314501485103435,0.6004840240138947,0.6004840240138947,0.6314501485103435,0.6633953325703422,0.6314501485103435,0.6004840240138947,0.6159516702063303,0.6314501485103435,0.6314501485103435,0.6633953325703422,0.6004840240138947,0.6314501485103435,0.6314501485103435,0.6314501485103435,0.6314501485103435,0.6314501485103435,0.6159516702063303,0.6314501485103435,0.6314501485103435,0.6314501485103435
2.0,2.0,2.0,2.0,2.0,2.0,2.0,2.0,2.0,2.0,2.0,2.0,2.0,2.0,2.0,2.0,2.0,2.0,2.0,2.0,2.0,2.0,2.0,2.0,2.0,2.0,2.0,2.0,2.0,2.0,2.0,2.0,2.0,2.0,2.0,2.0,2.0,2.0,2.0,2.0,2.0,2.0,2.0,2.0,2.0,2.0,2.0,2.0,2.0,2.0,2.0,2.0,2.0,2.0,2.0,2.0,2.0,2.0,2.0,2.0,2.0,2.0,2.0,2.0,2.0,2.0,2.0,2.0,2.0,2.0,2.0,2.0,2.0,2.0,2.0,2.0,2.0,2.0,2.0,2.0,2.0,2.0,2.0,2.0,2.0,2.0,2.0,2.0,2.0,2.0,2.0,2.0,2.0,2.0,2.0,2.0,2.0,2.0,2.0,2.0,0.9763366031712183,1.0,1.0,0.9763366031712183,0.9777507035110395,0.9142913888059896,0.9763366031712183,1.0,1.0,1.0,0.9777507035110395,0.9763366031712183,0.9763366031712183,0.9777507035110395,0.9763366031712183,0.9142913888059896,1.0,0.9777507035110395,1.0,0.9777507035110395,1.0,0.9777507035110395,1.0,0.9777507035110395,0.9777507035110395,0.9777507035110395,0.9777507035110395,0.9777507035110395,1.0,0.9777507035110395,0.9777507035110395,0.9777507035110395,0.9777507035110395,1.0,1.0,0.9777507035110395,0.9763366031712183,0.9777507035110395,1.0,0.9142913888059896,0.9777507035110395,0.983264378890337,0.9763366031712183,0.9777507035110395,0.9763366031712183,1.0,1.0,0.9142913888059896,0.9763366031712183,0.9763366031712183,0.5500882549272069,0.48692560770278015,0.5500882549272069,0.5500882549272069,0.5435690840577906,0.48692560770278015,0.5500882549272069,0.6609065084692053,0.6609065084692053,0.48692560770278015,0.4532993462945028,0.4532993462945028,0.5435690840577906,0.5435690840577906,0.48692560770278015,0.6609065084692053,0.48692560770278015,0.6609065084692053,0.4532993462945028,0.5500882549272069,0.6152319333965002,0.5435690840577906,0.4532993462945028,0.5435690840577906,0.5500882549272069,0.5500882549272069,0.5435690840577906,0.48692560770278015,0.6609065084692053,0.5435690840577906,0.48692560770278015,0.48692560770278015,0.5435690840577906,0.5500882549272069,0.4532993462945028,0.5500882549272069,0.48692560770278015,0.48692560770278015,0.5435690840577906,0.6609065084692053,0.5435690840577906,0.5435690840577906,0.48692560770278015,0.48692560770278015,0.6609065084692053,0.6609065084692053,0.5435690840577906,0.5435690840577906,0.4532993462945028,0.5500882549272069,0.534070059771884,0.5862727189386365,0.5862727189386365,0.534070059771884,0.5335316076502828,0.5246621522845761,0.534070059771884,0.5862727189386365,0.5862727189386365,0.5862727189386365,0.5335316076502828,0.534070059771884,0.534070059771884,0.5335316076502828,0.534070059771884,0.5246621522845761,0.5862727189386365,0.5335316076502828,0.5862727189386365,0.5335316076502828,0.5862727189386365,0.5335316076502828,0.5862727189386365,0.5335316076502828,0.5335316076502828,0.5335316076502828,0.5335316076502828,0.5335316076502828,0.48994778004625417,0.5335316076502828,0.5335316076502828,0.5335316076502828,0.5335316076502828,0.5862727189386365,0.5862727189386365,0.5335316076502828,0.534070059771884,0.5335316076502828,0.5862727189386365,0.5246621522845761,0.5335316076502828,0.49318872090910715,0.534070059771884,0.5335316076502828,0.534070059771884,0.5862727189386365,0.5862727189386365,0.5246621522845761,0.534070059771884,0.534070059771884,0.878575572503966,0.6139881822491088,0.878575572503966,0.878575572503966,0.7328028771909307,0.6139881822491088,0.878575572503966,0.663016857301882,0.663016857301882,0.6139881822491088,0.6149421180108282,0.6149421180108282,0.7328028771909307,0.7328028771909307,0.6139881822491088,0.663016857301882,0.6139881822491088,0.663016857301882,0.6149421180108282,0.878575572503966,0.9012772140665235,0.7328028771909307,0.6149421180108282,0.7328028771909307,0.878575572503966,0.878575572503966,0.7328028771909307,0.6139881822491088,0.663016857301882,0.7328028771909307,0.6139881822491088,0.6139881822491088,0.7328028771909307,0.878575572503966,0.6149421180108282,0.878575572503966,0.6139881822491088,0.6139881822491088,0.7328028771909307,0.663016857301882,0.7328028771909307,0.7328028771909307,0.6139881822491088,0.6139881822491088,0.663016857301882,0.663016857301882,0.7328028771909307,0.7328028771909307,0.6149421180108282,0.878575572503966
2.0,2.0,2.0,2.0,2.0,2.0,2.0,2.0,2.0,2.0,2.0,2.0,2.0,2.0,2.0,2.0,2.0,2.0,2.0,2.0,2.0,2.0,2.0,2.0,2.0,2.0,2.0,2.0,2.0,2.0,2.0,2.0,2.0,2.0,2.0,2.0,2.0,2.0,2.0,2.0,2.0,2.0,2.0,2.0,2.0,2.0,2.0,2.0,2.0,2.0,2.0,2.0,2.0,2.0,2.0,2.0,2.0,2.0,2.0,2.0,2.0,2.0,2.0,2.0,2.0,2.0,2.0,2.0,2.0,2.0,2.0,2.0,2.0,2.0,2.0,2.0,2.0,2.0,2.0,2.0,2.0,2.0,2.0,2.0,2.0,2.0,2.0,2.0,2.0,2.0,2.0,2.0,2.0,2.0,2.0,2.0,2.0,2.0,2.0,2.0,1.0,1.0,1.0,1.0,0.9986103221320404,0.9986103221320404,0.9986103221320404,0.9986103221320404,1.0,1.0,0.972770646205708,1.0,1.0,1.0,0.9986103221320404,0.9986103221320404,1.0,0.9986103221320404,1.0,0.9986103221320404,0.9986103221320404,1.0,0.9986103221320404,1.0,1.0,1.0,0.9986103221320404,1.0,1.0,1.0,0.9986103221320404,0.9986103221320404,1.0,0.9986103221320404,0.9986103221320404,0.9986103221320404,1.0,0.9986103221320404,1.0,1.0,1.0,1.0,0.9986103221320404,1.0,0.9986103221320404,1.0,1.0,1.0,0.9986103221320404,1.0,0.48692560770278015,0.48692560770278015,0.48692560770278015,0.48692560770278015,0.48692560770278015,0.48692560770278015,0.48692560770278015,0.48692560770278015,0.48692560770278015,0.48692560770278015,0.48692560770278015,0.48692560770278015,0.48692560770278015,0.4559580802138213,0.48692560770278015,0.48692560770278015,0.48692560770278015,0.48692560770278015,0.4559580802138213,0.48692560770278015,0.4730114532524454,0.48692560770278015,0.48692560770278015,0.48692560770278015,0.5500882549272069,0.48692560770278015,0.48692560770278015,0.4730114532524454,0.48692560770278015,0.48692560770278015,0.4730114532524454,0.48692560770278015,0.5500882549272069,0.48692560770278015,0.48692560770278015,0.5500882549272069,0.48692560770278015,0.5500882549272069,0.48692560770278015,0.5500882549272069,0.4730114532524454,0.48692560770278015,0.48692560770278015,0.4559580802138213,0.48692560770278015,0.4730114532524454,0.48692560770278015,0.48692560770278015,0.48692560770278015,0.4730114532524454,0.6543884057148441,0.6543884057148441,0.6543884057148441,0.6543884057148441,0.5772135461073585,0.5772135461073585,0.5772135461073585,0.5772135461073585,0.6543884057148441,0.6543884057148441,0.6380015271295923,0.6543884057148441,0.6543884057148441,0.6543884057148441,0.5772135461073585,0.5772135461073585,0.6543884057148441,0.5772135461073585,0.6543884057148441,0.5772135461073585,0.5772135461073585,0.6543884057148441,0.5772135461073585,0.6543884057148441,0.6543884057148441,0.6543884057148441,0.5772135461073585,0.6543884057148441,0.6543884057148441,0.6543884057148441,0.5772135461073585,0.5772135461073585,0.6543884057148441,0.5772135461073585,0.5772135461073585,0.5772135461073585,0.6543884057148441,0.5772135461073585,0.6543884057148441,0.6543884057148441,0.6543884057148441,0.6543884057148441,0.5772135461073585,0.6543884057148441,0.5772135461073585,0.6543884057148441,0.6543884057148441,0.6543884057148441,0.5772135461073585,0.6543884057148441,0.6139881822491088,0.6139881822491088,0.6139881822491088,0.6139881822491088,0.6139881822491088,0.6139881822491088,0.6139881822491088,0.6139881822491088,0.6139881822491088,0.6139881822491088,0.6139881822491088,0.6139881822491088,0.6139881822491088,0.5948939354422528,0.6139881822491088,0.6139881822491088,0.6139881822491088,0.6139881822491088,0.5948939354422528,0.6139881822491088,0.5619352931598357,0.6139881822491088,0.6139881822491088,0.6139881822491088,0.878575572503966,0.6139881822491088,0.6139881822491088,0.5619352931598357,0.6139881822491088,0.6139881822491088,0.5619352931598357,0.6139881822491088,0.878575572503966,0.6139881822491088,0.6139881822491088,0.878575572503966,0.6139881822491088,0.878575572503966,0.6139881822491088,0.878575572503966,0.5619352931598357,0.6139881822491088,0.6139881822491088,0.5948939354422528,0.6139881822491088,0.5619352931598357,0.6139881822491088,0.6139881822491088,0.6139881822491088,0.5619352931598357
2.0,2.0,2.0,2.0,2.0,2.0,2.0,2.0,2.0,2.0,2.0,2.0,2.0,2.0,2.0,2.0,2.0,2.0,2.0,2.0,2.0,2.0,2.0,2.0,2.0,2.0,2.0,2.0,2.0,2.0,2.0,2.0,2.0,2.0,2.0,2.0,2.0,2.0,2.0,2.0,2.0,2.0,2.0,2.0,2.0,2.0,2.0,2.0,2.0,2.0,2.0,2.0,2.0,2.0,2.0,2.0,2.0,2.0,2.0,2.0,2.0,2.0,2.0,2.0,2.0,2.0,2.0,2.0,2.0,2.0,2.0,2.0,2.0,2.0,2.0,2.0,2.0,2.0,2.0,2.0,2.0,2.0,2.0,2.0,2.0,2.0,2.0,2.0,2.0,2.0,2.0,2.0,2.0,2.0,2.0,2.0,2.0,2.0,2.0,2.0,0.863967072911011,0.863967072911011,0.863967072911011,0.863967072911011,0.863967072911011,0.863967072911011,0.863967072911011,0.863967072911011,0.863967072911011,0.863967072911011,0.8536733340749623,0.863967072911011,0.863967072911011,0.8536733340749623,0.863967072911011,0.863967072911011,0.863967072911011,0.863967072911011,0.863967072911011,0.9653820869289345,0.863967072911011,0.863967072911011,0.863967072911011,0.8536733340749623,0.8536733340749623,0.863967072911011,0.8536733340749623,0.863967072911011,0.863967072911011,0.863967072911011,0.863967072911011,0.863967072911011,0.863967072911011,0.863967072911011,0.863967072911011,0.863967072911011,0.863967072911011,0.8536733340749623,0.863967072911011,0.8536733340749623,0.863967072911011,0.863967072911011,0.8536733340749623,0.863967072911011,0.863967072911011,0.863967072911011,0.8536733340749623,0.863967072911011,0.9653820869289345,0.8536733340749623,0.4775673199380339,0.4730114532524454,0.4730114532524454,0.4775673199380339,0.4775673199380339,0.4775673199380339,0.36633328842513874,0.4775673199380339,0.4730114532524454,0.4730114532524454,0.43045444642975783,0.43045444642975783,0.4775673199380339,0.43045444642975783,0.36633328842513874,0.4775673199380339,0.4775673199380339,0.4775673199380339,0.3627422974216844,0.43045444642975783,0.49184767000566243,0.4730114532524454,0.4730114532524454,0.4775673199380339,0.43045444642975783,0.46186027156595505,0.4775673199380339,0.41818193750240706,0.3909886227578133,0.49184767000566243,0.43045444642975783,0.36633328842513874,0.4730114532524454,0.4775673199380339,0.4775673199380339,0.36633328842513874,0.4775673199380339,0.4730114532524454,0.4775673199380339,0.4775673199380339,0.36633328842513874,0.4730114532524454,0.43045444642975783,0.4730114532524454,0.4730114532524454,0.4775673199380339,0.4730114532524454,0.49184767000566243,0.4775673199380339,0.4730114532524454,0.6754814603703402,0.6754814603703402,0.6754814603703402,0.6754814603703402,0.6754814603703402,0.6754814603703402,0.6754814603703402,0.6754814603703402,0.6754814603703402,0.6754814603703402,0.706204954081934,0.6754814603703402,0.6754814603703402,0.706204954081934,0.6754814603703402,0.6754814603703402,0.6754814603703402,0.6754814603703402,0.6754814603703402,0.6871640042090669,0.6754814603703402,0.6754814603703402,0.6754814603703402,0.706204954081934,0.706204954081934,0.6754814603703402,0.706204954081934,0.6754814603703402,0.6754814603703402,0.6754814603703402,0.6754814603703402,0.6754814603703402,0.6754814603703402,0.6754814603703402,0.6754814603703402,0.6754814603703402,0.6754814603703402,0.706204954081934,0.6754814603703402,0.706204954081934,0.6754814603703402,0.6754814603703402,0.706204954081934,0.6754814603703402,0.6754814603703402,0.6754814603703402,0.706204954081934,0.6754814603703402,0.6871640042090669,0.706204954081934,0.5440233157974443,0.5619352931598357,0.5619352931598357,0.5440233157974443,0.5440233157974443,0.5440233157974443,0.6201958969164282,0.5440233157974443,0.5619352931598357,0.5619352931598357,0.6033181118417597,0.6033181118417597,0.5440233157974443,0.6033181118417597,0.6201958969164282,0.5440233157974443,0.5440233157974443,0.5440233157974443,0.6343704360662848,0.6033181118417597,0.5752424664981022,0.5619352931598357,0.5619352931598357,0.5440233157974443,0.6033181118417597,0.6243221510880123,0.5440233157974443,0.506421561363497,0.5756176260651215,0.5752424664981022,0.6033181118417597,0.6201958969164282,0.5619352931598357,0.5440233157974443,0.5440233157974443,0.6201958969164282,0.5440233157974443,0.5619352931598357,0.5440233157974443,0.5440233157974443,0.6201958969164282,0.5619352931598357,0.6033181118417597,0.5619352931598357,0.5619352931598357,0.5440233157974443,0.5619352931598357,0.5752424664981022,0.5440233157974443,0.5619352931598357
2.0,2.0,2.0,2.0,2.0,2.0,2.0,2.0,2.0,2.0,2.0,2.0,2.0,2.0,2.0,2.0,2.0,2.0,2.0,2.0,2.0,2.0,2.0,2.0,2.0,2.0,2.0,2.0,2.0,2.0,2.0,2.0,2.0,2.0,2.0,2.0,2.0,2.0,2.0,2.0,2.0,2.0,2.0,2.0,2.0,2.0,2.0,2.0,2.0,2.0,2.0,2.0,2.0,2.0,2.0,2.0,2.0,2.0,2.0,2.0,2.0,2.0,2.0,2.0,2.0,2.0,2.0,2.0,2.0,2.0,2.0,2.0,2.0,2.0,2.0,2.0,2.0,2.0,2.0,2.0,2.0,2.0,2.0,2.0,2.0,2.0,2.0,2.0,2.0,2.0,2.0,2.0,2.0,2.0,2.0,2.0,2.0,2.0,2.0,2.0,0.8536733340749623,0.8536733340749623,0.8536733340749623,0.8536733340749623,0.8536733340749623,0.8536733340749623,0.8536733340749623,0.9237637752663753,0.8536733340749623,0.8536733340749623,0.8536733340749623,0.8536733340749623,0.8536733340749623,0.9237637752663753,0.8536733340749623,0.8536733340749623,0.8536733340749623,0.8536733340749623,0.8536733340749623,0.8536733340749623,0.8536733340749623,0.8536733340749623,0.8536733340749623,0.8536733340749623,0.8536733340749623,0.8536733340749623,0.8536733340749623,0.8536733340749623,0.9237637752663753,0.8536733340749623,0.9237637752663753,0.8536733340749623,0.9237637752663753,0.8536733340749623,0.9553910544655775,0.8536733340749623,0.8536733340749623,0.8536733340749623,0.8536733340749623,0.9237637752663753,0.8536733340749623,0.9237637752663753,0.8536733340749623,0.8536733340749623,0.8536733340749623,0.8536733340749623,0.8536733340749623,0.8536733340749623,0.8536733340749623,0.8536733340749623,0.49489863798661843,0.49943396761699377,0.49489863798661843,0.49943396761699377,0.49489863798661843,0.49943396761699377,0.49943396761699377,0.49489863798661843,0.49489863798661843,0.49489863798661843,0.4775673199380339,0.49943396761699377,0.49943396761699377,0.49489863798661843,0.49489863798661843,0.49943396761699377,0.49943396761699377,0.49489863798661843,0.49489863798661843,0.49489863798661843,0.49943396761699377,0.49489863798661843,0.49489863798661843,0.49943396761699377,0.49943396761699377,0.49489863798661843,0.49943396761699377,0.49489863798661843,0.49943396761699377,0.49943396761699377,0.49489863798661843,0.49489863798661843,0.49943396761699377,0.49943396761699377,0.49489863798661843,0.49943396761699377,0.49943396761699377,0.49943396761699377,0.49943396761699377,0.49489863798661843,0.49943396761699377,0.49943396761699377,0.49943396761699377,0.49943396761699377,0.49489863798661843,0.49943396761699377,0.49489863798661843,0.49489863798661843,0.49943396761699377,0.49489863798661843,0.706204954081934,0.706204954081934,0.706204954081934,0.706204954081934,0.706204954081934,0.706204954081934,0.706204954081934,0.6786238176821636,0.706204954081934,0.706204954081934,0.706204954081934,0.706204954081934,0.706204954081934,0.6786238176821636,0.706204954081934,0.706204954081934,0.706204954081934,0.706204954081934,0.706204954081934,0.706204954081934,0.706204954081934,0.706204954081934,0.706204954081934,0.706204954081934,0.706204954081934,0.706204954081934,0.706204954081934,0.706204954081934,0.6786238176821636,0.706204954081934,0.6786238176821636,0.706204954081934,0.6786238176821636,0.706204954081934,0.6804246962833703,0.706204954081934,0.706204954081934,0.706204954081934,0.706204954081934,0.6786238176821636,0.706204954081934,0.6786238176821636,0.706204954081934,0.706204954081934,0.706204954081934,0.706204954081934,0.706204954081934,0.706204954081934,0.706204954081934,0.706204954081934,0.5353220558265785,0.46773036914197824,0.5353220558265785,0.46773036914197824,0.5353220558265785,0.46773036914197824,0.46773036914197824,0.5353220558265785,0.5353220558265785,0.5353220558265785,0.5440233157974443,0.46773036914197824,0.46773036914197824,0.5353220558265785,0.5353220558265785,0.46773036914197824,0.46773036914197824,0.5353220558265785,0.5353220558265785,0.5353220558265785,0.46773036914197824,0.5353220558265785,0.5353220558265785,0.46773036914197824,0.46773036914197824,0.5353220558265785,0.46773036914197824,0.5353220558265785,0.46773036914197824,0.46773036914197824,0.5353220558265785,0.5353220558265785,0.46773036914197824,0.46773036914197824,0.5353220558265785,0.46773036914197824,0.46773036914197824,0.46773036914197824,0.46773036914197824,0.5353220558265785,0.46773036914197824,0.46773036914197824,0.46773036914197824,0.46773036914197824,0.5353220558265785,0.46773036914197824,0.5353220558265785,0.5353220558265785,0.46773036914197824,0.5353220558265785
2.0,2.0,2.0,2.0,2.0,2.0,2.0,2.0,2.0,2.0,2.0,2.0,2.0,2.0,2.0,2.0,2.0,2.0,2.0,2.0,2.0,2.0,2.0,2.0,2.0,2.0,2.0,2.0,2.0,2.0,2.0,2.0,2.0,2.0,2.0,2.0,2.0,2.0,2.0,2.0,2.0,2.0,2.0,2.0,2.0,2.0,2.0,2.0,2.0,2.0,2.0,2.0,2.0,2.0,2.0,2.0,2.0,2.0,2.0,2.0,2.0,2.0,2.0,2.0,2.0,2.0,2.0,2.0,2.0,2.0,2.0,2.0,2.0,2.0,2.0,2.0,2.0,2.0,2.0,2.0,2.0,2.0,2.0,2.0,2.0,2.0,2.0,2.0,2.0,2.0,2.0,2.0,2.0,2.0,2.0,2.0,2.0,2.0,2.0,2.0,0.941935149436764,0.941935149436764,0.941935149436764,0.941935149436764,0.941935149436764,0.941935149436764,0.941935149436764,0.8536733340749623,0.941935149436764,0.941935149436764,0.941935149436764,0.7113134068324696,0.8536733340749623,0.941935149436764,0.8536733340749623,0.8536733340749623,0.8536733340749623,0.8536733340749623,0.941935149436764,0.8536733340749623,0.941935149436764,0.8536733340749623,0.8520036670774142,0.8536733340749623,0.8536733340749623,0.941935149436764,0.941935149436764,0.8536733340749623,0.941935149436764,0.8536733340749623,0.941935149436764,0.941935149436764,0.8536733340749623,0.8536733340749623,0.941935149436764,0.8536733340749623,0.8536733340749623,0.941935149436764,0.941935149436764,0.941935149436764,0.8536733340749623,0.8536733340749623,0.941935149436764,0.8536733340749623,0.8536733340749623,0.8536733340749623,0.941935149436764,0.941935149436764,0.8536733340749623,0.941935149436764,0.5091867140324948,0.5091867140324948,0.5091867140324948,0.5091867140324948,0.49489863798661843,0.5091867140324948,0.45502162361222503,0.45502162361222503,0.49489863798661843,0.5091867140324948,0.45502162361222503,0.5091867140324948,0.5139729200657305,0.45502162361222503,0.5091867140324948,0.5091867140324948,0.45502162361222503,0.5091867140324948,0.5091867140324948,0.5091867140324948,0.5091867140324948,0.45502162361222503,0.49489863798661843,0.49489863798661843,0.5091867140324948,0.5091867140324948,0.5091867140324948,0.5091867140324948,0.5091867140324948,0.45502162361222503,0.45502162361222503,0.49489863798661843,0.45502162361222503,0.45502162361222503,0.5091867140324948,0.49489863798661843,0.5091867140324948,0.45502162361222503,0.5091867140324948,0.5091867140324948,0.5091867140324948,0.49489863798661843,0.49489863798661843,0.45502162361222503,0.5091867140324948,0.5536209564466863,0.5091867140324948,0.5091867140324948,0.45502162361222503,0.5091867140324948,0.7281254674300376,0.7281254674300376,0.7281254674300376,0.7281254674300376,0.7281254674300376,0.7281254674300376,0.7281254674300376,0.706204954081934,0.7281254674300376,0.7281254674300376,0.7281254674300376,0.7206591466764917,0.706204954081934,0.7281254674300376,0.706204954081934,0.706204954081934,0.706204954081934,0.706204954081934,0.7281254674300376,0.706204954081934,0.7281254674300376,0.706204954081934,0.6241727805532402,0.706204954081934,0.706204954081934,0.7281254674300376,0.7281254674300376,0.706204954081934,0.7281254674300376,0.706204954081934,0.7281254674300376,0.7281254674300376,0.706204954081934,0.706204954081934,0.7281254674300376,0.706204954081934,0.706204954081934,0.7281254674300376,0.7281254674300376,0.7281254674300376,0.706204954081934,0.706204954081934,0.7281254674300376,0.706204954081934,0.706204954081934,0.706204954081934,0.7281254674300376,0.7281254674300376,0.706204954081934,0.7281254674300376,0.5623509420442516,0.5623509420442516,0.5623509420442516,0.5623509420442516,0.5353220558265785,0.5623509420442516,0.5020911226834819,0.5020911226834819,0.5353220558265785,0.5623509420442516,0.5020911226834819,0.5623509420442516,0.5100023331930327,0.5020911226834819,0.5623509420442516,0.5623509420442516,0.5020911226834819,0.5623509420442516,0.5623509420442516,0.5623509420442516,0.5623509420442516,0.5020911226834819,0.5353220558265785,0.5353220558265785,0.5623509420442516,0.5623509420442516,0.5623509420442516,0.5623509420442516,0.5623509420442516,0.5020911226834819,0.5020911226834819,0.5353220558265785,0.5020911226834819,0.5020911226834819,0.5623509420442516,0.5353220558265785,0.5623509420442516,0.5020911226834819,0.5623509420442516,0.5623509420442516,0.5623509420442516,0.5353220558265785,0.5353220558265785,0.5020911226834819,0.5623509420442516,0.5452073458892405,0.5623509420442516,0.5623509420442516,0.5020911226834819,0.5623509420442516
2.0,2.0,2.0,2.0,2.0,2.0,2.0,2.0,2.0,2.0,2.0,2.0,2.0,2.0,2.0,2.0,2.0,2.0,2.0,2.0,2.0,2.0,2.0,2.0,2.0,2.0,2.0,2.0,2.0,2.0,2.0,2.0,2.0,2.0,2.0,2.0,2.0,2.0,2.0,2.0,2.0,2.0,2.0,2.0,2.0,2.0,2.0,2.0,2.0,2.0,2.0,2.0,2.0,2.0,2.0,2.0,2.0,2.0,2.0,2.0,2.0,2.0,2.0,2.0,2.0,2.0,2.0,2.0,2.0,2.0,2.0,2.0,2.0,2.0,2.0,2.0,2.0,2.0,2.0,2.0,2.0,2.0,2.0,2.0,2.0,2.0,2.0,2.0,2.0,2.0,2.0,2.0,2.0,2.0,2.0,2.0,2.0,2.0,2.0,2.0,1.0,0.8296150336379816,0.9702012105070736,0.9391226039522879,0.9702012105070736,0.9391226039522879,0.8296150336379816,0.9519968159166566,0.9391226039522879,1.0,1.0,0.9702012105070736,0.9702012105070736,0.8296150336379816,0.9567773939979722,0.9702012105070736,0.8296150336379816,0.8296150336379816,0.9391226039522879,0.8296150336379816,0.8296150336379816,0.9702012105070736,0.8296150336379816,0.9702012105070736,1.0,0.9702012105070736,0.9391226039522879,0.9702012105070736,0.9702012105070736,0.9702012105070736,0.8296150336379816,1.0,0.8296150336379816,1.0,0.8296150336379816,0.9702012105070736,0.8296150336379816,0.9391226039522879,0.8296150336379816,1.0,0.9391226039522879,0.9391226039522879,0.9391226039522879,0.9391226039522879,0.9702012105070736,0.9391226039522879,1.0,0.8296150336379816,0.8400339869358238,0.9702012105070736,0.5093649017859904,0.45502162361222503,0.45502162361222503,0.46435924957426467,0.45502162361222503,0.45502162361222503,0.5093649017859904,0.45502162361222503,0.45502162361222503,0.45502162361222503,0.45502162361222503,0.45502162361222503,0.45502162361222503,0.47775813403759443,0.45502162361222503,0.45502162361222503,0.4638987078176361,0.5091867140324948,0.45502162361222503,0.45502162361222503,0.48584281980793037,0.45502162361222503,0.45502162361222503,0.45502162361222503,0.45502162361222503,0.45502162361222503,0.49995660683029863,0.45502162361222503,0.45502162361222503,0.45502162361222503,0.45502162361222503,0.45502162361222503,0.45502162361222503,0.45502162361222503,0.45502162361222503,0.47775813403759443,0.45502162361222503,0.45502162361222503,0.45502162361222503,0.45502162361222503,0.45502162361222503,0.5093649017859904,0.45502162361222503,0.45502162361222503,0.48584281980793037,0.45502162361222503,0.45502162361222503,0.45502162361222503,0.45502162361222503,0.45502162361222503,0.7543080517496316,0.726761988284893,0.7112145821722473,0.6504807609065693,0.7112145821722473,0.6504807609065693,0.726761988284893,0.6778629976342443,0.6504807609065693,0.7543080517496316,0.7543080517496316,0.7112145821722473,0.7112145821722473,0.726761988284893,0.7457123493936941,0.7112145821722473,0.726761988284893,0.726761988284893,0.6504807609065693,0.726761988284893,0.726761988284893,0.7112145821722473,0.726761988284893,0.7112145821722473,0.7543080517496316,0.7112145821722473,0.6504807609065693,0.7112145821722473,0.7112145821722473,0.7112145821722473,0.726761988284893,0.7543080517496316,0.726761988284893,0.7543080517496316,0.726761988284893,0.7112145821722473,0.726761988284893,0.6504807609065693,0.726761988284893,0.7543080517496316,0.6504807609065693,0.6504807609065693,0.6504807609065693,0.6504807609065693,0.7112145821722473,0.6504807609065693,0.7543080517496316,0.726761988284893,0.7372665022674009,0.7112145821722473,0.4777834981297725,0.5020911226834819,0.5020911226834819,0.5127757941025243,0.5020911226834819,0.5020911226834819,0.4777834981297725,0.5020911226834819,0.5020911226834819,0.5020911226834819,0.5020911226834819,0.5020911226834819,0.5020911226834819,0.5520709395742542,0.5020911226834819,0.5020911226834819,0.5010400984079165,0.5623509420442516,0.5020911226834819,0.5020911226834819,0.44254286563488765,0.5020911226834819,0.5020911226834819,0.5020911226834819,0.5020911226834819,0.5020911226834819,0.47901729658004366,0.5020911226834819,0.5020911226834819,0.5020911226834819,0.5020911226834819,0.5020911226834819,0.5020911226834819,0.5020911226834819,0.5020911226834819,0.5520709395742542,0.5020911226834819,0.5020911226834819,0.5020911226834819,0.5020911226834819,0.5020911226834819,0.4777834981297725,0.5020911226834819,0.5020911226834819,0.44254286563488765,0.5020911226834819,0.5020911226834819,0.5020911226834819,0.5020911226834819,0.5020911226834819
2.0,2.0,2.0,2.0,2.0,2.0,2.0,2.0,2.0,2.0,2.0,2.0,2.0,2.0,2.0,2.0,2.0,2.0,2.0,2.0,2.0,2.0,2.0,2.0,2.0,2.0,2.0,2.0,2.0,2.0,2.0,2.0,2.0,2.0,2.0,2.0,2.0,2.0,2.0,2.0,2.0,2.0,2.0,2.0,2.0,2.0,2.0,2.0,2.0,2.0,2.0,2.0,2.0,2.0,2.0,2.0,2.0,2.0,2.0,2.0,2.0,2.0,2.0,2.0,2.0,2.0,2.0,2.0,2.0,2.0,2.0,2.0,2.0,2.0,2.0,2.0,2.0,2.0,2.0,2.0,2.0,2.0,2.0,2.0,2.0,2.0,2.0,2.0,2.0,2.0,2.0,2.0,2.0,2.0,2.0,2.0,2.0,2.0,2.0,2.0,0.8808688632726929,0.9702012105070736,0.8808688632726929,0.8808688632726929,0.8808688632726929,0.8808688632726929,0.8808688632726929,0.9941533718239438,0.9941533718239438,0.8808688632726929,0.8808688632726929,0.8808688632726929,0.8808688632726929,0.8808688632726929,0.8808688632726929,0.8808688632726929,0.8808688632726929,0.8808688632726929,0.8808688632726929,0.8808688632726929,1.0,0.9702012105070736,0.9941533718239438,0.8808688632726929,0.9941533718239438,0.8808688632726929,0.8808688632726929,0.8965258607582304,0.98743701863412,0.98743701863412,0.9941533718239438,0.8808688632726929,0.8808688632726929,0.8808688632726929,0.98743701863412,0.9941533718239438,0.9941533718239438,0.8808688632726929,0.9941533718239438,0.98743701863412,0.9941533718239438,0.8808688632726929,0.8808688632726929,0.8808688632726929,0.98743701863412,0.8808688632726929,0.9941533718239438,0.8808688632726929,0.98743701863412,0.9702012105070736,0.4546097783389996,0.4546097783389996,0.4546097783389996,0.4546097783389996,0.4546097783389996,0.4546097783389996,0.4546097783389996,0.4546097783389996,0.4546097783389996,0.4546097783389996,0.4227906870759743,0.4149785440553767,0.4546097783389996,0.4546097783389996,0.4546097783389996,0.4227906870759743,0.4227906870759743,0.4546097783389996,0.4227906870759743,0.4546097783389996,0.4149785440553767,0.4546097783389996,0.4149785440553767,0.4546097783389996,0.4546097783389996,0.4546097783389996,0.4546097783389996,0.4546097783389996,0.4546097783389996,0.4546097783389996,0.4546097783389996,0.4149785440553767,0.4546097783389996,0.4149785440553767,0.4149785440553767,0.4227906870759743,0.4546097783389996,0.4683933079425568,0.4546097783389996,0.4149785440553767,0.4546097783389996,0.4546097783389996,0.4546097783389996,0.4149785440553767,0.4546097783389996,0.4546097783389996,0.4546097783389996,0.4546097783389996,0.4546097783389996,0.4149785440553767,0.7150933845489922,0.7112145821722473,0.7150933845489922,0.7150933845489922,0.7150933845489922,0.7150933845489922,0.7150933845489922,0.7346880524531255,0.7346880524531255,0.7150933845489922,0.7150933845489922,0.7150933845489922,0.7150933845489922,0.7150933845489922,0.7150933845489922,0.7150933845489922,0.7150933845489922,0.7150933845489922,0.7150933845489922,0.7150933845489922,0.6460242115658295,0.7112145821722473,0.7346880524531255,0.7150933845489922,0.7346880524531255,0.7150933845489922,0.7150933845489922,0.7544941761431554,0.7926477260401045,0.7926477260401045,0.7346880524531255,0.7150933845489922,0.7150933845489922,0.7150933845489922,0.7926477260401045,0.7346880524531255,0.7346880524531255,0.7150933845489922,0.7346880524531255,0.7926477260401045,0.7346880524531255,0.7150933845489922,0.7150933845489922,0.7150933845489922,0.7926477260401045,0.7150933845489922,0.7346880524531255,0.7150933845489922,0.7926477260401045,0.7112145821722473,0.4708073661798835,0.4708073661798835,0.4708073661798835,0.4708073661798835,0.4708073661798835,0.4708073661798835,0.4708073661798835,0.4708073661798835,0.4708073661798835,0.4708073661798835,0.40327207081014194,0.43735191428396064,0.4708073661798835,0.4708073661798835,0.4708073661798835,0.40327207081014194,0.40327207081014194,0.4708073661798835,0.40327207081014194,0.4708073661798835,0.43735191428396064,0.4708073661798835,0.43735191428396064,0.4708073661798835,0.4708073661798835,0.4708073661798835,0.4708073661798835,0.4708073661798835,0.4708073661798835,0.4708073661798835,0.4708073661798835,0.43735191428396064,0.4708073661798835,0.43735191428396064,0.43735191428396064,0.40327207081014194,0.4708073661798835,0.47511277681817526,0.4708073661798835,0.43735191428396064,0.4708073661798835,0.4708073661798835,0.4708073661798835,0.43735191428396064,0.4708073661798835,0.4708073661798835,0.4708073661798835,0.4708073661798835,0.4708073661798835,0.43735191428396064
2.0,2.0,2.0,2.0,2.0,2.0,2.0,2.0,2.0,2.0,2.0,2.0,2.0,2.0,2.0,2.0,2.0,2.0,2.0,2.0,2.0,2.0,2.0,2.0,2.0,2.0,2.0,2.0,2.0,2.0,2.0,2.0,2.0,2.0,2.0,2.0,2.0,2.0,2.0,2.0,2.0,2.0,2.0,2.0,2.0,2.0,2.0,2.0,2.0,2.0,2.0,2.0,2.0,2.0,2.0,2.0,2.0,2.0,2.0,2.0,2.0,2.0,2.0,2.0,2.0,2.0,2.0,2.0,2.0,2.0,2.0,2.0,2.0,2.0,2.0,2.0,2.0,2.0,2.0,2.0,2.0,2.0,2.0,2.0,2.0,2.0,2.0,2.0,2.0,2.0,2.0,2.0,2.0,2.0,2.0,2.0,2.0,2.0,2.0,2.0,0.9941533718239438,0.9941533718239438,0.9941533718239438,0.9941533718239438,1.0,0.9941533718239438,0.9941533718239438,0.9941533718239438,0.9941533718239438,0.9941533718239438,1.0,1.0,0.9941533718239438,0.9941533718239438,0.9941533718239438,0.9941533718239438,0.9941533718239438,0.9941533718239438,0.9941533718239438,1.0,0.9941533718239438,0.9941533718239438,1.0,1.0,0.9941533718239438,1.0,0.9941533718239438,0.9941533718239438,1.0,0.9941533718239438,0.9941533718239438,0.9941533718239438,0.9941533718239438,0.9941533718239438,0.9941533718239438,0.9941533718239438,0.9941533718239438,1.0,0.9941533718239438,0.9941533718239438,0.9941533718239438,0.9941533718239438,0.9941533718239438,0.9941533718239438,0.9941533718239438,0.9941533718239438,0.9941533718239438,0.9941533718239438,0.9941533718239438,0.9941533718239438,0.4546097783389996,0.4546097783389996,0.4546097783389996,0.4546097783389996,0.4546097783389996,0.4546097783389996,0.4546097783389996,0.4546097783389996,0.4546097783389996,0.4546097783389996,0.4546097783389996,0.4546097783389996,0.4160126151088871,0.4546097783389996,0.4546097783389996,0.4546097783389996,0.4546097783389996,0.4546097783389996,0.4546097783389996,0.4546097783389996,0.4546097783389996,0.4546097783389996,0.4546097783389996,0.4546097783389996,0.4546097783389996,0.4546097783389996,0.4546097783389996,0.4546097783389996,0.4546097783389996,0.4546097783389996,0.4546097783389996,0.4546097783389996,0.4546097783389996,0.4546097783389996,0.4546097783389996,0.4546097783389996,0.4546097783389996,0.4546097783389996,0.4546097783389996,0.4546097783389996,0.4546097783389996,0.4546097783389996,0.4546097783389996,0.4546097783389996,0.4546097783389996,0.4546097783389996,0.4546097783389996,0.4546097783389996,0.4546097783389996,0.4546097783389996,0.7346880524531255,0.7346880524531255,0.7346880524531255,0.7346880524531255,0.7472704304945172,0.7346880524531255,0.7346880524531255,0.7346880524531255,0.7346880524531255,0.7346880524531255,0.7597885853740938,0.7472704304945172,0.7346880524531255,0.7346880524531255,0.7346880524531255,0.7346880524531255,0.7346880524531255,0.7346880524531255,0.7346880524531255,0.7472704304945172,0.7346880524531255,0.7346880524531255,0.7472704304945172,0.7472704304945172,0.7346880524531255,0.7472704304945172,0.7346880524531255,0.7346880524531255,0.7472704304945172,0.7346880524531255,0.7346880524531255,0.7346880524531255,0.7346880524531255,0.7346880524531255,0.7346880524531255,0.7346880524531255,0.7346880524531255,0.7472704304945172,0.7346880524531255,0.7346880524531255,0.7346880524531255,0.7346880524531255,0.7346880524531255,0.7346880524531255,0.7346880524531255,0.7346880524531255,0.7346880524531255,0.7346880524531255,0.7346880524531255,0.7346880524531255,0.4708073661798835,0.4708073661798835,0.4708073661798835,0.4708073661798835,0.4708073661798835,0.4708073661798835,0.4708073661798835,0.4708073661798835,0.4708073661798835,0.4708073661798835,0.4708073661798835,0.4708073661798835,0.46514450309800065,0.4708073661798835,0.4708073661798835,0.4708073661798835,0.4708073661798835,0.4708073661798835,0.4708073661798835,0.4708073661798835,0.4708073661798835,0.4708073661798835,0.4708073661798835,0.4708073661798835,0.4708073661798835,0.4708073661798835,0.4708073661798835,0.4708073661798835,0.4708073661798835,0.4708073661798835,0.4708073661798835,0.4708073661798835,0.4708073661798835,0.4708073661798835,0.4708073661798835,0.4708073661798835,0.4708073661798835,0.4708073661798835,0.4708073661798835,0.4708073661798835,0.4708073661798835,0.4708073661798835,0.4708073661798835,0.4708073661798835,0.4708073661798835,0.4708073661798835,0.4708073661798835,0.4708073661798835,0.4708073661798835,0.4708073661798835
2.0,2.0,2.0,2.0,2.0,2.0,2.0,2.0,2.0,2.0,2.0,2.0,2.0,2.0,2.0,2.0,2.0,2.0,2.0,2.0,2.0,2.0,2.0,2.0,2.0,2.0,2.0,2.0,2.0,2.0,2.0,2.0,2.0,2.0,2.0,2.0,2.0,2.0,2.0,2.0,2.0,2.0,2.0,2.0,2.0,2.0,2.0,2.0,2.0,2.0,2.0,2.0,2.0,2.0,2.0,2.0,2.0,2.0,2.0,2.0,2.0,2.0,2.0,2.0,2.0,2.0,2.0,2.0,2.0,2.0,2.0,2.0,2.0,2.0,2.0,2.0,2.0,2.0,2.0,2.0,2.0,2.0,2.0,2.0,2.0,2.0,2.0,2.0,2.0,2.0,2.0,2.0,2.0,2.0,2.0,2.0,2.0,2.0,2.0,2.0,1.0,1.0,1.0,1.0,1.0,1.0,1.0,1.0,1.0,1.0,1.0,1.0,1.0,1.0,1.0,1.0,1.0,1.0,1.0,1.0,1.0,1.0,1.0,1.0,1.0,1.0,1.0,1.0,1.0,1.0,1.0,1.0,1.0,1.0,1.0,1.0,1.0,1.0,1.0,1.0,1.0,1.0,1.0,1.0,1.0,1.0,1.0,1.0,1.0,1.0,0.4629709880373997,0.44866164065484376,0.44866164065484376,0.4629709880373997,0.4989154177342736,0.4989154177342736,0.4629709880373997,0.4629709880373997,0.4989154177342736,0.44866164065484376,0.4629709880373997,0.4989154177342736,0.4989154177342736,0.4629709880373997,0.44866164065484376,0.44866164065484376,0.4629709880373997,0.4989154177342736,0.4989154177342736,0.4989154177342736,0.4989154177342736,0.4629709880373997,0.44866164065484376,0.4629709880373997,0.4989154177342736,0.4989154177342736,0.4989154177342736,0.4629709880373997,0.4629709880373997,0.4629709880373997,0.4629709880373997,0.4989154177342736,0.4989154177342736,0.4629709880373997,0.4629709880373997,0.4629709880373997,0.4629709880373997,0.4629709880373997,0.4989154177342736,0.4629709880373997,0.44866164065484376,0.4546097783389996,0.4629709880373997,0.4629709880373997,0.4989154177342736,0.4989154177342736,0.4989154177342736,0.4629709880373997,0.4546097783389996,0.4989154177342736,0.7472704304945172,0.7472704304945172,0.7472704304945172,0.7472704304945172,0.7472704304945172,0.7472704304945172,0.7472704304945172,0.7472704304945172,0.7472704304945172,0.7472704304945172,0.7472704304945172,0.7472704304945172,0.7472704304945172,0.7472704304945172,0.7472704304945172,0.7472704304945172,0.7472704304945172,0.7472704304945172,0.7472704304945172,0.7472704304945172,0.7472704304945172,0.7472704304945172,0.7472704304945172,0.7472704304945172,0.7472704304945172,0.7472704304945172,0.7472704304945172,0.7472704304945172,0.7472704304945172,0.7472704304945172,0.7472704304945172,0.7472704304945172,0.7472704304945172,0.7472704304945172,0.7472704304945172,0.7472704304945172,0.7472704304945172,0.7472704304945172,0.7472704304945172,0.7472704304945172,0.7472704304945172,0.7472704304945172,0.7472704304945172,0.7472704304945172,0.7472704304945172,0.7472704304945172,0.7472704304945172,0.7472704304945172,0.7472704304945172,0.7472704304945172,0.48210092529066356,0.4356630658001758,0.4356630658001758,0.48210092529066356,0.5467201514414255,0.5467201514414255,0.48210092529066356,0.48210092529066356,0.5467201514414255,0.4356630658001758,0.48210092529066356,0.5467201514414255,0.5467201514414255,0.48210092529066356,0.4356630658001758,0.4356630658001758,0.48210092529066356,0.5467201514414255,0.5467201514414255,0.5467201514414255,0.5467201514414255,0.48210092529066356,0.4356630658001758,0.48210092529066356,0.5467201514414255,0.5467201514414255,0.5467201514414255,0.48210092529066356,0.48210092529066356,0.48210092529066356,0.48210092529066356,0.5467201514414255,0.5467201514414255,0.48210092529066356,0.48210092529066356,0.48210092529066356,0.48210092529066356,0.48210092529066356,0.5467201514414255,0.48210092529066356,0.4356630658001758,0.4708073661798835,0.48210092529066356,0.48210092529066356,0.5467201514414255,0.5467201514414255,0.5467201514414255,0.48210092529066356,0.4708073661798835,0.5467201514414255
2.0,2.0,2.0,2.0,2.0,2.0,2.0,2.0,2.0,2.0,2.0,2.0,2.0,2.0,2.0,2.0,2.0,2.0,2.0,2.0,2.0,2.0,2.0,2.0,2.0,2.0,2.0,2.0,2.0,2.0,2.0,2.0,2.0,2.0,2.0,2.0,2.0,2.0,2.0,2.0,2.0,2.0,2.0,2.0,2.0,2.0,2.0,2.0,2.0,2.0,2.0,2.0,2.0,2.0,2.0,2.0,2.0,2.0,2.0,2.0,2.0,2.0,2.0,2.0,2.0,2.0,2.0,2.0,2.0,2.0,2.0,2.0,2.0,2.0,2.0,2.0,2.0,2.0,2.0,2.0,2.0,2.0,2.0,2.0,2.0,2.0,2.0,2.0,2.0,2.0,2.0,2.0,2.0,2.0,2.0,2.0,2.0,2.0,2.0,2.0,1.0,1.0,1.0,0.933697284083187,0.933697284083187,1.0,1.0,1.0,0.933697284083187,0.933697284083187,0.933697284083187,0.933697284083187,1.0,1.0,0.933697284083187,1.0,0.933697284083187,1.0,1.0,0.933697284083187,1.0,1.0,0.9775907487862896,1.0,1.0,0.933697284083187,0.9775907487862896,1.0,1.0,1.0,1.0,0.933697284083187,1.0,0.933697284083187,1.0,1.0,1.0,1.0,1.0,1.0,1.0,1.0,0.933697284083187,1.0,1.0,1.0,0.933697284083187,1.0,1.0,1.0,0.43709704366609137,0.43709704366609137,0.43709704366609137,0.43709704366609137,0.43709704366609137,0.4629709880373997,0.4629709880373997,0.43709704366609137,0.43709704366609137,0.4629709880373997,0.43709704366609137,0.43709704366609137,0.4629709880373997,0.4629709880373997,0.43709704366609137,0.43709704366609137,0.43709704366609137,0.43709704366609137,0.43709704366609137,0.43709704366609137,0.43709704366609137,0.43709704366609137,0.4629709880373997,0.43709704366609137,0.4629709880373997,0.43709704366609137,0.43709704366609137,0.43709704366609137,0.43709704366609137,0.37067013041872177,0.43709704366609137,0.43709704366609137,0.43709704366609137,0.43709704366609137,0.43709704366609137,0.43709704366609137,0.43709704366609137,0.43709704366609137,0.43709704366609137,0.43709704366609137,0.43709704366609137,0.43709704366609137,0.43709704366609137,0.43709704366609137,0.43709704366609137,0.43709704366609137,0.4629709880373997,0.4629709880373997,0.4670408203173567,0.43709704366609137,0.7472704304945172,0.7472704304945172,0.7472704304945172,0.7646408965816238,0.7646408965816238,0.7453232646861001,0.7453232646861001,0.7472704304945172,0.7646408965816238,0.7646408965816238,0.7646408965816238,0.7646408965816238,0.7472704304945172,0.7472704304945172,0.7646408965816238,0.7472704304945172,0.7646408965816238,0.6860879438888345,0.7472704304945172,0.7646408965816238,0.7453232646861001,0.7472704304945172,0.7542409928359782,0.7892803875392796,0.7472704304945172,0.7646408965816238,0.7542409928359782,0.7472704304945172,0.7453232646861001,0.7472704304945172,0.7453232646861001,0.7646408965816238,0.7472704304945172,0.7646408965816238,0.7472704304945172,0.7472704304945172,0.7472704304945172,0.7472704304945172,0.7472704304945172,0.7453232646861001,0.7453232646861001,0.7453232646861001,0.7646408965816238,0.7472704304945172,0.7472704304945172,0.7472704304945172,0.7646408965816238,0.7472704304945172,0.7472704304945172,0.7472704304945172,0.42388638877955437,0.42388638877955437,0.42388638877955437,0.42388638877955437,0.42388638877955437,0.48210092529066356,0.48210092529066356,0.42388638877955437,0.42388638877955437,0.48210092529066356,0.42388638877955437,0.42388638877955437,0.48210092529066356,0.48210092529066356,0.42388638877955437,0.42388638877955437,0.42388638877955437,0.42388638877955437,0.42388638877955437,0.42388638877955437,0.42388638877955437,0.42388638877955437,0.48210092529066356,0.42388638877955437,0.48210092529066356,0.42388638877955437,0.42388638877955437,0.42388638877955437,0.42388638877955437,0.42361057792790935,0.42388638877955437,0.42388638877955437,0.42388638877955437,0.42388638877955437,0.42388638877955437,0.42388638877955437,0.42388638877955437,0.42388638877955437,0.42388638877955437,0.42388638877955437,0.42388638877955437,0.42388638877955437,0.42388638877955437,0.42388638877955437,0.42388638877955437,0.42388638877955437,0.48210092529066356,0.48210092529066356,0.5128161801828808,0.42388638877955437
2.0,2.0,2.0,2.0,2.0,2.0,2.0,2.0,2.0,2.0,2.0,2.0,2.0,2.0,2.0,2.0,2.0,2.0,2.0,2.0,2.0,2.0,2.0,2.0,2.0,2.0,2.0,2.0,2.0,2.0,2.0,2.0,2.0,2.0,2.0,2.0,2.0,2.0,2.0,2.0,2.0,2.0,2.0,2.0,2.0,2.0,2.0,2.0,2.0,2.0,2.0,2.0,2.0,2.0,2.0,2.0,2.0,2.0,2.0,2.0,2.0,2.0,2.0,2.0,2.0,2.0,2.0,2.0,2.0,2.0,2.0,2.0,2.0,2.0,2.0,2.0,2.0,2.0,2.0,2.0,2.0,2.0,2.0,2.0,2.0,2.0,2.0,2.0,2.0,2.0,2.0,2.0,2.0,2.0,2.0,2.0,2.0,2.0,2.0,2.0,0.9176117547607705,0.9595006813994088,1.0,0.9595006813994088,1.0,0.9595006813994088,0.9786997793733196,0.9786997793733196,0.9786997793733196,0.9595006813994088,1.0,0.9595006813994088,0.9786997793733196,0.9595006813994088,1.0,0.9595006813994088,0.9595006813994088,0.9786997793733196,0.9613388461228036,0.9595006813994088,1.0,0.9595006813994088,0.9613388461228036,0.9429973224850458,0.9786997793733196,0.9786997793733196,0.9786997793733196,0.9595006813994088,1.0,0.9595006813994088,0.9595006813994088,1.0,0.9595006813994088,1.0,1.0,0.9595006813994088,0.9786997793733196,0.9595006813994088,0.9595006813994088,0.9595006813994088,0.9429973224850458,0.9176117547607705,0.9786997793733196,1.0,0.9613388461228036,0.9595006813994088,0.9176117547607705,0.9595006813994088,1.0,0.9176117547607705,0.5022490394739952,0.5022490394739952,0.5022490394739952,0.5022490394739952,0.5022490394739952,0.5022490394739952,0.5022490394739952,0.5022490394739952,0.5022490394739952,0.5022490394739952,0.5022490394739952,0.5022490394739952,0.5022490394739952,0.5022490394739952,0.5022490394739952,0.38627648115954466,0.5022490394739952,0.5022490394739952,0.5022490394739952,0.5022490394739952,0.5022490394739952,0.5022490394739952,0.5022490394739952,0.36782690152369135,0.5022490394739952,0.5022490394739952,0.5008029842216921,0.38627648115954466,0.32504827243281,0.5022490394739952,0.5022490394739952,0.5022490394739952,0.5022490394739952,0.5022490394739952,0.5022490394739952,0.5022490394739952,0.5022490394739952,0.5022490394739952,0.5022490394739952,0.5022490394739952,0.5022490394739952,0.5022490394739952,0.5022490394739952,0.38627648115954466,0.5022490394739952,0.38627648115954466,0.36782690152369135,0.5022490394739952,0.38627648115954466,0.5022490394739952,0.8104051645497384,0.8415633747357234,0.6960708733614319,0.8415633747357234,0.6960708733614319,0.8415633747357234,0.8188673717340732,0.8188673717340732,0.8188673717340732,0.8415633747357234,0.6960708733614319,0.8415633747357234,0.8188673717340732,0.8415633747357234,0.6960708733614319,0.8415633747357234,0.8415633747357234,0.8188673717340732,0.7942067563652128,0.8415633747357234,0.6446408305017017,0.8415633747357234,0.7942067563652128,0.6513199030045168,0.8188673717340732,0.8188673717340732,0.8188673717340732,0.8415633747357234,0.6446408305017017,0.8415633747357234,0.8415633747357234,0.6446408305017017,0.8415633747357234,0.6960708733614319,0.6446408305017017,0.8415633747357234,0.8188673717340732,0.8415633747357234,0.8415633747357234,0.8415633747357234,0.6513199030045168,0.8104051645497384,0.8188673717340732,0.6446408305017017,0.7942067563652128,0.8415633747357234,0.8104051645497384,0.8415633747357234,0.7683292573209649,0.8104051645497384,0.4577246403912403,0.4577246403912403,0.4577246403912403,0.4577246403912403,0.4577246403912403,0.4577246403912403,0.4577246403912403,0.4577246403912403,0.4577246403912403,0.4577246403912403,0.4577246403912403,0.4577246403912403,0.4577246403912403,0.4577246403912403,0.4577246403912403,0.41547056750125627,0.4577246403912403,0.4577246403912403,0.4577246403912403,0.4577246403912403,0.4577246403912403,0.4577246403912403,0.4577246403912403,0.4319127932816397,0.4577246403912403,0.4577246403912403,0.48087937354253607,0.41547056750125627,0.456251149421835,0.4577246403912403,0.4577246403912403,0.4577246403912403,0.4577246403912403,0.4577246403912403,0.4577246403912403,0.4577246403912403,0.4577246403912403,0.4577246403912403,0.4577246403912403,0.4577246403912403,0.4577246403912403,0.4577246403912403,0.4577246403912403,0.41547056750125627,0.4577246403912403,0.41547056750125627,0.4319127932816397,0.4577246403912403,0.41547056750125627,0.4577246403912403
2.0,2.0,2.0,2.0,2.0,2.0,2.0,2.0,2.0,2.0,2.0,2.0,2.0,2.0,2.0,2.0,2.0,2.0,2.0,2.0,2.0,2.0,2.0,2.0,2.0,2.0,2.0,2.0,2.0,2.0,2.0,2.0,2.0,2.0,2.0,2.0,2.0,2.0,2.0,2.0,2.0,2.0,2.0,2.0,2.0,2.0,2.0,2.0,2.0,2.0,2.0,2.0,2.0,2.0,2.0,2.0,2.0,2.0,2.0,2.0,2.0,2.0,2.0,2.0,2.0,2.0,2.0,2.0,2.0,2.0,2.0,2.0,2.0,2.0,2.0,2.0,2.0,2.0,2.0,2.0,2.0,2.0,2.0,2.0,2.0,2.0,2.0,2.0,2.0,2.0,2.0,2.0,2.0,2.0,2.0,2.0,2.0,2.0,2.0,2.0,1.0,1.0,1.0,1.0,1.0,1.0,1.0,1.0,1.0,0.9229336356276578,0.9757961787767877,1.0,1.0,1.0,1.0,1.0,1.0,1.0,1.0,1.0,1.0,1.0,1.0,1.0,1.0,0.9757961787767877,1.0,1.0,1.0,1.0,1.0,0.906441888291358,1.0,1.0,0.9229336356276578,0.9757961787767877,1.0,1.0,1.0,1.0,1.0,1.0,0.9229336356276578,1.0,1.0,1.0,1.0,0.9229336356276578,1.0,1.0,0.5022490394739952,0.5718305360968199,0.5022490394739952,0.5022490394739952,0.5022490394739952,0.5022490394739952,0.5022490394739952,0.5022490394739952,0.5022490394739952,0.5022490394739952,0.49668483398160224,0.5022490394739952,0.5022490394739952,0.5022490394739952,0.5022490394739952,0.4757824206115214,0.49668483398160224,0.49668483398160224,0.5022490394739952,0.49668483398160224,0.5022490394739952,0.5022490394739952,0.5022490394739952,0.5022490394739952,0.5022490394739952,0.5022490394739952,0.5022490394739952,0.49668483398160224,0.5022490394739952,0.49668483398160224,0.5022490394739952,0.49668483398160224,0.5022490394739952,0.49668483398160224,0.49668483398160224,0.5718305360968199,0.5022490394739952,0.4757824206115214,0.5215886469151381,0.5022490394739952,0.5022490394739952,0.5022490394739952,0.5718305360968199,0.5022490394739952,0.5022490394739952,0.5022490394739952,0.5022490394739952,0.5022490394739952,0.5022490394739952,0.5718305360968199,0.6446408305017017,0.6446408305017017,0.6446408305017017,0.6446408305017017,0.6446408305017017,0.6446408305017017,0.6446408305017017,0.6446408305017017,0.6547579929119869,0.6543964986086311,0.669902791330976,0.6446408305017017,0.6446408305017017,0.6446408305017017,0.6446408305017017,0.6446408305017017,0.5613667465413059,0.6446408305017017,0.6547579929119869,0.6446408305017017,0.6446408305017017,0.5613667465413059,0.6446408305017017,0.6446408305017017,0.6446408305017017,0.669902791330976,0.6446408305017017,0.6446408305017017,0.6446408305017017,0.6446408305017017,0.6446408305017017,0.6073154835311972,0.6446408305017017,0.6446408305017017,0.6543964986086311,0.669902791330976,0.6446408305017017,0.6446408305017017,0.6547579929119869,0.6547579929119869,0.6446408305017017,0.5613667465413059,0.6543964986086311,0.6446408305017017,0.6446408305017017,0.6446408305017017,0.6446408305017017,0.6543964986086311,0.6446408305017017,0.6446408305017017,0.4577246403912403,0.46262574599683404,0.4577246403912403,0.4577246403912403,0.4577246403912403,0.4577246403912403,0.4577246403912403,0.4577246403912403,0.4577246403912403,0.4577246403912403,0.4762282377056636,0.4577246403912403,0.4577246403912403,0.4577246403912403,0.4577246403912403,0.4964290628810632,0.4762282377056636,0.4762282377056636,0.4577246403912403,0.4762282377056636,0.4577246403912403,0.4577246403912403,0.4577246403912403,0.4577246403912403,0.4577246403912403,0.4577246403912403,0.4577246403912403,0.4762282377056636,0.4577246403912403,0.4762282377056636,0.4577246403912403,0.4762282377056636,0.4577246403912403,0.4762282377056636,0.4762282377056636,0.46262574599683404,0.4577246403912403,0.4964290628810632,0.4418793367931309,0.4577246403912403,0.4577246403912403,0.4577246403912403,0.46262574599683404,0.4577246403912403,0.4577246403912403,0.4577246403912403,0.4577246403912403,0.4577246403912403,0.4577246403912403,0.46262574599683404
2.0,2.0,2.0,2.0,2.0,2.0,2.0,2.0,2.0,2.0,2.0,2.0,2.0,2.0,2.0,2.0,2.0,2.0,2.0,2.0,2.0,2.0,2.0,2.0,2.0,2.0,2.0,2.0,2.0,2.0,2.0,2.0,2.0,2.0,2.0,2.0,2.0,2.0,2.0,2.0,2.0,2.0,2.0,2.0,2.0,2.0,2.0,2.0,2.0,2.0,2.0,2.0,2.0,2.0,2.0,2.0,2.0,2.0,2.0,2.0,2.0,2.0,2.0,2.0,2.0,2.0,2.0,2.0,2.0,2.0,2.0,2.0,2.0,2.0,2.0,2.0,2.0,2.0,2.0,2.0,2.0,2.0,2.0,2.0,2.0,2.0,2.0,2.0,2.0,2.0,2.0,2.0,2.0,2.0,2.0,2.0,2.0,2.0,2.0,2.0,1.0,1.0,1.0,1.0,1.0,1.0,1.0,1.0,1.0,1.0,1.0,1.0,1.0,1.0,1.0,1.0,1.0,1.0,1.0,1.0,1.0,1.0,1.0,1.0,1.0,1.0,1.0,1.0,1.0,1.0,1.0,1.0,1.0,1.0,1.0,1.0,1.0,1.0,1.0,1.0,1.0,1.0,1.0,1.0,1.0,1.0,1.0,1.0,1.0,1.0,0.3092943657674202,0.3092943657674202,0.3249441446220257,0.5022490394739952,0.3249441446220257,0.3249441446220257,0.3249441446220257,0.3092943657674202,0.3092943657674202,0.3249441446220257,0.5022490394739952,0.3249441446220257,0.3092943657674202,0.3092943657674202,0.3249441446220257,0.28789925814974854,0.3249441446220257,0.4782090077544114,0.4782090077544114,0.5022490394739952,0.4782090077544114,0.5022490394739952,0.3249441446220257,0.4782090077544114,0.3092943657674202,0.3092943657674202,0.3092943657674202,0.3092943657674202,0.3092943657674202,0.5022490394739952,0.3249441446220257,0.31300193564149525,0.3092943657674202,0.3249441446220257,0.5022490394739952,0.3249441446220257,0.3249441446220257,0.3092943657674202,0.3249441446220257,0.5022490394739952,0.5022490394739952,0.5022490394739952,0.4782090077544114,0.3092943657674202,0.5022490394739952,0.5022490394739952,0.3249441446220257,0.3092943657674202,0.3092943657674202,0.3249441446220257,0.672018303313144,0.6484998218992687,0.672018303313144,0.6446408305017017,0.6446408305017017,0.6484998218992687,0.6446408305017017,0.6484998218992687,0.6446408305017017,0.6446408305017017,0.6446408305017017,0.672018303313144,0.6446408305017017,0.6484998218992687,0.672018303313144,0.672018303313144,0.6446408305017017,0.6446408305017017,0.6635116571797388,0.672018303313144,0.6484998218992687,0.6446408305017017,0.6446408305017017,0.6446408305017017,0.6484998218992687,0.672018303313144,0.6446408305017017,0.6446408305017017,0.6446408305017017,0.672018303313144,0.6446408305017017,0.6484998218992687,0.6446408305017017,0.672018303313144,0.6484998218992687,0.672018303313144,0.6446408305017017,0.6446408305017017,0.6484998218992687,0.672018303313144,0.6484998218992687,0.672018303313144,0.6446408305017017,0.6446408305017017,0.6446408305017017,0.6446408305017017,0.6446408305017017,0.672018303313144,0.6446408305017017,0.672018303313144,0.5287706208408677,0.5287706208408677,0.5334228231081347,0.4577246403912403,0.5334228231081347,0.5334228231081347,0.5334228231081347,0.5287706208408677,0.5287706208408677,0.5334228231081347,0.4577246403912403,0.5334228231081347,0.5287706208408677,0.5287706208408677,0.5334228231081347,0.5179397364391902,0.5334228231081347,0.4683110179353033,0.4683110179353033,0.4577246403912403,0.4683110179353033,0.4577246403912403,0.5334228231081347,0.4683110179353033,0.5287706208408677,0.5287706208408677,0.5287706208408677,0.5287706208408677,0.5287706208408677,0.4577246403912403,0.5334228231081347,0.6711621238145933,0.5287706208408677,0.5334228231081347,0.4577246403912403,0.5334228231081347,0.5334228231081347,0.5287706208408677,0.5334228231081347,0.4577246403912403,0.4577246403912403,0.4577246403912403,0.4683110179353033,0.5287706208408677,0.4577246403912403,0.4577246403912403,0.5334228231081347,0.5287706208408677,0.5287706208408677,0.5334228231081347
2.0,2.0,2.0,2.0,2.0,2.0,2.0,2.0,2.0,2.0,2.0,2.0,2.0,2.0,2.0,2.0,2.0,2.0,2.0,2.0,2.0,2.0,2.0,2.0,2.0,2.0,2.0,2.0,2.0,2.0,2.0,2.0,2.0,2.0,2.0,2.0,2.0,2.0,2.0,2.0,2.0,2.0,2.0,2.0,2.0,2.0,2.0,2.0,2.0,2.0,2.0,2.0,2.0,2.0,2.0,2.0,2.0,2.0,2.0,2.0,2.0,2.0,2.0,2.0,2.0,2.0,2.0,2.0,2.0,2.0,2.0,2.0,2.0,2.0,2.0,2.0,2.0,2.0,2.0,2.0,2.0,2.0,2.0,2.0,2.0,2.0,2.0,2.0,2.0,2.0,2.0,2.0,2.0,2.0,2.0,2.0,2.0,2.0,2.0,2.0,1.0,0.9252650752282996,1.0,1.0,1.0,1.0,1.0,1.0,1.0,1.0,1.0,1.0,1.0,1.0,1.0,1.0,1.0,1.0,1.0,1.0,1.0,1.0,1.0,1.0,1.0,1.0,1.0,1.0,0.9252650752282996,1.0,1.0,1.0,1.0,1.0,1.0,1.0,0.9252650752282996,1.0,1.0,1.0,1.0,1.0,1.0,1.0,1.0,1.0,1.0,1.0,1.0,1.0,0.3249441446220257,0.3249441446220257,0.3249441446220257,0.3249441446220257,0.3249441446220257,0.3249441446220257,0.3249441446220257,0.3249441446220257,0.3249441446220257,0.2594013757818152,0.3249441446220257,0.3249441446220257,0.3249441446220257,0.3249441446220257,0.3249441446220257,0.3249441446220257,0.3249441446220257,0.3249441446220257,0.3249441446220257,0.3249441446220257,0.3249441446220257,0.3249441446220257,0.3249441446220257,0.3249441446220257,0.3249441446220257,0.3249441446220257,0.3249441446220257,0.3249441446220257,0.3249441446220257,0.3249441446220257,0.3249441446220257,0.3249441446220257,0.3249441446220257,0.3249441446220257,0.3249441446220257,0.3249441446220257,0.3249441446220257,0.3249441446220257,0.3249441446220257,0.3249441446220257,0.3249441446220257,0.3249441446220257,0.3249441446220257,0.3249441446220257,0.3249441446220257,0.3249441446220257,0.3190961714815192,0.3249441446220257,0.3249441446220257,0.3249441446220257,0.6446408305017017,0.6131269525219862,0.7269583634839559,0.7269583634839559,0.6539549172442662,0.6446408305017017,0.6446408305017017,0.6539549172442662,0.6446408305017017,0.6539549172442662,0.6539549172442662,0.6446408305017017,0.6446408305017017,0.6446408305017017,0.6539549172442662,0.6539549172442662,0.6539549172442662,0.6446408305017017,0.6539549172442662,0.6446408305017017,0.6446408305017017,0.6446408305017017,0.6446408305017017,0.6446408305017017,0.6539549172442662,0.6446408305017017,0.6446408305017017,0.6446408305017017,0.6131269525219862,0.6446408305017017,0.6446408305017017,0.6446408305017017,0.6446408305017017,0.6539549172442662,0.6446408305017017,0.6446408305017017,0.6131269525219862,0.6539549172442662,0.6446408305017017,0.6446408305017017,0.6446408305017017,0.6446408305017017,0.6539549172442662,0.6446408305017017,0.6539549172442662,0.6446408305017017,0.6539549172442662,0.6446408305017017,0.6539549172442662,0.6446408305017017,0.5334228231081347,0.5334228231081347,0.5334228231081347,0.5334228231081347,0.5334228231081347,0.5334228231081347,0.5334228231081347,0.5334228231081347,0.5334228231081347,0.4358338518884026,0.5334228231081347,0.5334228231081347,0.5334228231081347,0.5334228231081347,0.5334228231081347,0.5334228231081347,0.5334228231081347,0.5334228231081347,0.5334228231081347,0.5334228231081347,0.5334228231081347,0.5334228231081347,0.5334228231081347,0.5334228231081347,0.5334228231081347,0.5334228231081347,0.5334228231081347,0.5334228231081347,0.5334228231081347,0.5334228231081347,0.5334228231081347,0.5334228231081347,0.5334228231081347,0.5334228231081347,0.5334228231081347,0.5334228231081347,0.5334228231081347,0.5334228231081347,0.5334228231081347,0.5334228231081347,0.5334228231081347,0.5334228231081347,0.5334228231081347,0.5334228231081347,0.5334228231081347,0.5334228231081347,0.5259833358321623,0.5334228231081347,0.5334228231081347,0.5334228231081347
2.0,2.0,2.0,2.0,2.0,2.0,2.0,2.0,2.0,2.0,2.0,2.0,2.0,2.0,2.0,2.0,2.0,2.0,2.0,2.0,2.0,2.0,2.0,2.0,2.0,2.0,2.0,2.0,2.0,2.0,2.0,2.0,2.0,2.0,2.0,2.0,2.0,2.0,2.0,2.0,2.0,2.0,2.0,2.0,2.0,2.0,2.0,2.0,2.0,2.0,2.0,2.0,2.0,2.0,2.0,2.0,2.0,2.0,2.0,2.0,2.0,2.0,2.0,2.0,2.0,2.0,2.0,2.0,2.0,2.0,2.0,2.0,2.0,2.0,2.0,2.0,2.0,2.0,2.0,2.0,2.0,2.0,2.0,2.0,2.0,2.0,2.0,2.0,2.0,2.0,2.0,2.0,2.0,2.0,2.0,2.0,2.0,2.0,2.0,2.0,1.0,1.0,1.0,0.9804505159625069,1.0,1.0,1.0,1.0,1.0,1.0,1.0,1.0,1.0,0.9763952119162834,1.0,1.0,1.0,1.0,0.9804505159625069,1.0,1.0,1.0,1.0,1.0,1.0,1.0,1.0,1.0,1.0,1.0,1.0,1.0,1.0,1.0,1.0,1.0,1.0,1.0,1.0,1.0,1.0,1.0,1.0,1.0,1.0,1.0,1.0,1.0,1.0,1.0,0.3510467947449348,0.2458190781565773,0.3510467947449348,0.3510467947449348,0.3638941927230267,0.3510467947449348,0.3510467947449348,0.3510467947449348,0.3510467947449348,0.3510467947449348,0.3510467947449348,0.3510467947449348,0.3510467947449348,0.3510467947449348,0.3510467947449348,0.3510467947449348,0.3510467947449348,0.3510467947449348,0.3510467947449348,0.3638941927230267,0.3510467947449348,0.3510467947449348,0.3510467947449348,0.3510467947449348,0.3510467947449348,0.2458190781565773,0.2458190781565773,0.3510467947449348,0.3510467947449348,0.3510467947449348,0.3510467947449348,0.2458190781565773,0.2458190781565773,0.3510467947449348,0.3510467947449348,0.3510467947449348,0.3510467947449348,0.3510467947449348,0.3510467947449348,0.3510467947449348,0.3510467947449348,0.3510467947449348,0.3510467947449348,0.3510467947449348,0.2458190781565773,0.3510467947449348,0.3510467947449348,0.30944935744239715,0.3510467947449348,0.3510467947449348,0.6539549172442662,0.6539549172442662,0.6539549172442662,0.5281382946373752,0.6539549172442662,0.6539549172442662,0.6539549172442662,0.6539549172442662,0.6539549172442662,0.6539549172442662,0.6539549172442662,0.6539549172442662,0.6539549172442662,0.6627653978327726,0.6539549172442662,0.6539549172442662,0.6539549172442662,0.6539549172442662,0.5281382946373752,0.6539549172442662,0.6539549172442662,0.6539549172442662,0.6539549172442662,0.6539549172442662,0.6539549172442662,0.6539549172442662,0.6539549172442662,0.6539549172442662,0.6539549172442662,0.6539549172442662,0.6539549172442662,0.6539549172442662,0.6539549172442662,0.6539549172442662,0.6539549172442662,0.6539549172442662,0.6539549172442662,0.6539549172442662,0.6539549172442662,0.6539549172442662,0.6539549172442662,0.6539549172442662,0.6539549172442662,0.6539549172442662,0.6539549172442662,0.6539549172442662,0.6539549172442662,0.6539549172442662,0.6539549172442662,0.6539549172442662,0.565564917967843,0.5463456545378219,0.565564917967843,0.565564917967843,0.6806455931710473,0.565564917967843,0.565564917967843,0.565564917967843,0.565564917967843,0.565564917967843,0.565564917967843,0.565564917967843,0.565564917967843,0.565564917967843,0.565564917967843,0.565564917967843,0.565564917967843,0.565564917967843,0.565564917967843,0.6806455931710473,0.565564917967843,0.565564917967843,0.565564917967843,0.565564917967843,0.565564917967843,0.5463456545378219,0.5463456545378219,0.565564917967843,0.565564917967843,0.565564917967843,0.565564917967843,0.5463456545378219,0.5463456545378219,0.565564917967843,0.565564917967843,0.565564917967843,0.565564917967843,0.565564917967843,0.565564917967843,0.565564917967843,0.565564917967843,0.565564917967843,0.565564917967843,0.565564917967843,0.5463456545378219,0.565564917967843,0.565564917967843,0.6738150478484266,0.565564917967843,0.565564917967843
2.0,2.0,2.0,2.0,2.0,2.0,2.0,2.0,2.0,2.0,2.0,2.0,2.0,2.0,2.0,2.0,2.0,2.0,2.0,2.0,2.0,2.0,2.0,2.0,2.0,2.0,2.0,2.0,2.0,2.0,2.0,2.0,2.0,2.0,2.0,2.0,2.0,2.0,2.0,2.0,2.0,2.0,2.0,2.0,2.0,2.0,2.0,2.0,2.0,2.0,2.0,2.0,2.0,2.0,2.0,2.0,2.0,2.0,2.0,2.0,2.0,2.0,2.0,2.0,2.0,2.0,2.0,2.0,2.0,2.0,2.0,2.0,2.0,2.0,2.0,2.0,2.0,2.0,2.0,2.0,2.0,2.0,2.0,2.0,2.0,2.0,2.0,2.0,2.0,2.0,2.0,2.0,2.0,2.0,2.0,2.0,2.0,2.0,2.0,2.0,0.8379553229049963,0.8379553229049963,0.8379553229049963,0.8379553229049963,0.882360714073671,0.8379553229049963,0.8379553229049963,0.8419935025551826,0.8379553229049963,0.8419935025551826,0.8379553229049963,0.8379553229049963,0.8419935025551826,0.8379553229049963,0.8379553229049963,0.8379553229049963,0.8379553229049963,0.8379553229049963,0.8379553229049963,0.8379553229049963,0.8419935025551826,0.8379553229049963,0.8379553229049963,0.8379553229049963,0.8379553229049963,0.8379553229049963,0.8379553229049963,0.8419935025551826,0.8379553229049963,0.8379553229049963,0.8379553229049963,0.8379553229049963,0.8379553229049963,0.8379553229049963,0.8666437060137504,0.8379553229049963,0.8379553229049963,0.882360714073671,0.8379553229049963,0.8379553229049963,0.8419935025551826,0.8419935025551826,0.882360714073671,0.8379553229049963,0.8419935025551826,0.8379553229049963,0.882360714073671,0.8379553229049963,0.8379553229049963,0.882360714073671,0.3576973745854079,0.3576973745854079,0.3289520968084961,0.3576973745854079,0.3576973745854079,0.3576973745854079,0.3510467947449348,0.3576973745854079,0.3576973745854079,0.3576973745854079,0.3576973745854079,0.3289520968084961,0.3510467947449348,0.3576973745854079,0.3576973745854079,0.3510467947449348,0.3576973745854079,0.3576973745854079,0.3576973745854079,0.3576973745854079,0.3576973745854079,0.3576973745854079,0.3510467947449348,0.3576973745854079,0.3576973745854079,0.3576973745854079,0.3289520968084961,0.3289520968084961,0.3576973745854079,0.3576973745854079,0.3576973745854079,0.3510467947449348,0.3576973745854079,0.3576973745854079,0.3576973745854079,0.3576973745854079,0.3576973745854079,0.3289520968084961,0.3576973745854079,0.3510467947449348,0.3289520968084961,0.3576973745854079,0.3576973745854079,0.3289520968084961,0.3576973745854079,0.3754654503174208,0.3576973745854079,0.3576973745854079,0.3576973745854079,0.3576973745854079,0.5968738616136315,0.5968738616136315,0.5968738616136315,0.5968738616136315,0.5058597639757352,0.5968738616136315,0.5968738616136315,0.628002963118612,0.5968738616136315,0.628002963118612,0.5968738616136315,0.5968738616136315,0.628002963118612,0.5968738616136315,0.5968738616136315,0.5968738616136315,0.5968738616136315,0.5968738616136315,0.5968738616136315,0.5968738616136315,0.628002963118612,0.5968738616136315,0.5968738616136315,0.5968738616136315,0.5968738616136315,0.5968738616136315,0.5968738616136315,0.628002963118612,0.5968738616136315,0.5968738616136315,0.5968738616136315,0.5968738616136315,0.5968738616136315,0.5968738616136315,0.5645197477300667,0.5968738616136315,0.5968738616136315,0.5058597639757352,0.5968738616136315,0.5968738616136315,0.628002963118612,0.628002963118612,0.5058597639757352,0.5968738616136315,0.628002963118612,0.5968738616136315,0.5058597639757352,0.5968738616136315,0.5968738616136315,0.5058597639757352,0.5406493450751428,0.5406493450751428,0.5266223774252432,0.5406493450751428,0.5406493450751428,0.5406493450751428,0.565564917967843,0.5406493450751428,0.5406493450751428,0.5406493450751428,0.5406493450751428,0.5266223774252432,0.565564917967843,0.5406493450751428,0.5406493450751428,0.565564917967843,0.5406493450751428,0.5406493450751428,0.5406493450751428,0.5406493450751428,0.5406493450751428,0.5406493450751428,0.565564917967843,0.5406493450751428,0.5406493450751428,0.5406493450751428,0.5266223774252432,0.5266223774252432,0.5406493450751428,0.5406493450751428,0.5406493450751428,0.565564917967843,0.5406493450751428,0.5406493450751428,0.5406493450751428,0.5406493450751428,0.5406493450751428,0.5266223774252432,0.5406493450751428,0.565564917967843,0.5266223774252432,0.5406493450751428,0.5406493450751428,0.5266223774252432,0.5406493450751428,0.5411430351131234,0.5406493450751428,0.5406493450751428,0.5406493450751428,0.5406493450751428
2.0,2.0,2.0,2.0,2.0,2.0,2.0,2.0,2.0,2.0,2.0,2.0,2.0,2.0,2.0,2.0,2.0,2.0,2.0,2.0,2.0,2.0,2.0,2.0,2.0,2.0,2.0,2.0,2.0,2.0,2.0,2.0,2.0,2.0,2.0,2.0,2.0,2.0,2.0,2.0,2.0,2.0,2.0,2.0,2.0,2.0,2.0,2.0,2.0,2.0,2.0,2.0,2.0,2.0,2.0,2.0,2.0,2.0,2.0,2.0,2.0,2.0,2.0,2.0,2.0,2.0,2.0,2.0,2.0,2.0,2.0,2.0,2.0,2.0,2.0,2.0,2.0,2.0,2.0,2.0,2.0,2.0,2.0,2.0,2.0,2.0,2.0,2.0,2.0,2.0,2.0,2.0,2.0,2.0,2.0,2.0,2.0,2.0,2.0,2.0,0.8379553229049963,0.8379553229049963,0.7862078595800507,0.8379553229049963,0.8379553229049963,0.8379553229049963,0.8379553229049963,0.8379553229049963,0.8379553229049963,0.8379553229049963,0.8379553229049963,0.8379553229049963,0.8379553229049963,0.8379553229049963,0.8379553229049963,0.8379553229049963,0.8379553229049963,0.8379553229049963,0.8379553229049963,0.8379553229049963,0.8379553229049963,0.8379553229049963,0.8379553229049963,0.8379553229049963,0.7862078595800507,0.8379553229049963,0.8379553229049963,0.7862078595800507,0.7862078595800507,0.8379553229049963,0.7862078595800507,0.8379553229049963,0.8379553229049963,0.8379553229049963,0.7862078595800507,0.7893602053855091,0.8379553229049963,0.8379553229049963,0.8379553229049963,0.8379553229049963,0.8820431247874967,0.8379553229049963,0.8379553229049963,0.8379553229049963,0.8379553229049963,0.8379553229049963,0.8379553229049963,0.8379553229049963,0.8379553229049963,0.8379553229049963,0.3576973745854079,0.2887447001473467,0.325491609224723,0.3576973745854079,0.34759484952261505,0.2887447001473467,0.3576973745854079,0.2887447001473467,0.2887447001473467,0.2887447001473467,0.2887447001473467,0.34759484952261505,0.3576973745854079,0.2887447001473467,0.34759484952261505,0.2887447001473467,0.3705261249096826,0.3576973745854079,0.3705261249096826,0.325491609224723,0.34759484952261505,0.2887447001473467,0.34759484952261505,0.34759484952261505,0.2887447001473467,0.325491609224723,0.2887447001473467,0.3576973745854079,0.2887447001473467,0.2887447001473467,0.2887447001473467,0.34759484952261505,0.2887447001473467,0.34759484952261505,0.34759484952261505,0.2887447001473467,0.2887447001473467,0.36990496787504595,0.2887447001473467,0.34759484952261505,0.36990496787504595,0.2887447001473467,0.2887447001473467,0.2887447001473467,0.36990496787504595,0.34759484952261505,0.2887447001473467,0.2887447001473467,0.2887447001473467,0.34759484952261505,0.5968738616136315,0.5968738616136315,0.6304365793706533,0.5968738616136315,0.5968738616136315,0.5968738616136315,0.5968738616136315,0.5968738616136315,0.5968738616136315,0.5968738616136315,0.5968738616136315,0.5968738616136315,0.5968738616136315,0.5968738616136315,0.5968738616136315,0.5968738616136315,0.5968738616136315,0.5968738616136315,0.5968738616136315,0.5968738616136315,0.5968738616136315,0.5968738616136315,0.5968738616136315,0.5968738616136315,0.6304365793706533,0.5968738616136315,0.5968738616136315,0.6304365793706533,0.6304365793706533,0.5968738616136315,0.6304365793706533,0.5968738616136315,0.5968738616136315,0.5968738616136315,0.6304365793706533,0.6639884140905951,0.5968738616136315,0.5968738616136315,0.5968738616136315,0.5968738616136315,0.6109617823151795,0.5968738616136315,0.5968738616136315,0.5968738616136315,0.5968738616136315,0.5968738616136315,0.5968738616136315,0.5968738616136315,0.5968738616136315,0.5968738616136315,0.5406493450751428,0.5456882367760869,0.5144676827323884,0.5406493450751428,0.5572976842048077,0.5456882367760869,0.5406493450751428,0.5456882367760869,0.5456882367760869,0.5456882367760869,0.5456882367760869,0.5572976842048077,0.5406493450751428,0.5456882367760869,0.5572976842048077,0.5456882367760869,0.5805351003625784,0.5406493450751428,0.5805351003625784,0.5144676827323884,0.5572976842048077,0.5456882367760869,0.5572976842048077,0.5572976842048077,0.5456882367760869,0.5144676827323884,0.5456882367760869,0.5406493450751428,0.5456882367760869,0.5456882367760869,0.5456882367760869,0.5572976842048077,0.5456882367760869,0.5572976842048077,0.5572976842048077,0.5456882367760869,0.5456882367760869,0.4917707798085705,0.5456882367760869,0.5572976842048077,0.4917707798085705,0.5456882367760869,0.5456882367760869,0.5456882367760869,0.4917707798085705,0.5572976842048077,0.5456882367760869,0.5456882367760869,0.5456882367760869,0.5572976842048077
2.0,2.0,2.0,2.0,2.0,2.0,2.0,2.0,2.0,2.0,2.0,2.0,2.0,2.0,2.0,2.0,2.0,2.0,2.0,2.0,2.0,2.0,2.0,2.0,2.0,2.0,2.0,2.0,2.0,2.0,2.0,2.0,2.0,2.0,2.0,2.0,2.0,2.0,2.0,2.0,2.0,2.0,2.0,2.0,2.0,2.0,2.0,2.0,2.0,2.0,2.0,2.0,2.0,2.0,2.0,2.0,2.0,2.0,2.0,2.0,2.0,2.0,2.0,2.0,2.0,2.0,2.0,2.0,2.0,2.0,2.0,2.0,2.0,2.0,2.0,2.0,2.0,2.0,2.0,2.0,2.0,2.0,2.0,2.0,2.0,2.0,2.0,2.0,2.0,2.0,2.0,2.0,2.0,2.0,2.0,2.0,2.0,2.0,2.0,2.0,0.7862078595800507,0.7862078595800507,0.7862078595800507,0.7862078595800507,0.7862078595800507,0.7688703220416309,0.7862078595800507,0.7862078595800507,0.9605690463481177,0.9605690463481177,0.9605690463481177,0.7862078595800507,0.7862078595800507,0.9605690463481177,0.7862078595800507,0.9605690463481177,0.7862078595800507,0.7862078595800507,0.7862078595800507,0.7862078595800507,0.9605690463481177,0.7862078595800507,0.7862078595800507,0.7862078595800507,0.7862078595800507,0.7862078595800507,0.7862078595800507,0.7862078595800507,0.7862078595800507,0.7862078595800507,0.7862078595800507,0.9605690463481177,0.7862078595800507,0.7862078595800507,0.7968489395270533,0.7862078595800507,0.7862078595800507,0.7862078595800507,0.7862078595800507,0.7862078595800507,0.7862078595800507,0.7862078595800507,0.9605690463481177,0.7862078595800507,0.7862078595800507,0.7862078595800507,0.7866519187841865,0.7862078595800507,0.7862078595800507,0.7862078595800507,0.3786170212665147,0.3786170212665147,0.3786170212665147,0.2887447001473467,0.3786170212665147,0.2887447001473467,0.3786170212665147,0.3786170212665147,0.2887447001473467,0.3786170212665147,0.2887447001473467,0.38729996113481574,0.3786170212665147,0.3786170212665147,0.3786170212665147,0.3786170212665147,0.3786170212665147,0.3912144010632441,0.3786170212665147,0.3786170212665147,0.3786170212665147,0.3912144010632441,0.3786170212665147,0.3786170212665147,0.3786170212665147,0.3786170212665147,0.3786170212665147,0.3786170212665147,0.3786170212665147,0.3786170212665147,0.2887447001473467,0.3786170212665147,0.3786170212665147,0.3786170212665147,0.3786170212665147,0.3786170212665147,0.3786170212665147,0.2887447001473467,0.3786170212665147,0.3786170212665147,0.3786170212665147,0.2887447001473467,0.3786170212665147,0.3786170212665147,0.3786170212665147,0.3786170212665147,0.3786170212665147,0.3786170212665147,0.3786170212665147,0.3786170212665147,0.6304365793706533,0.6304365793706533,0.6304365793706533,0.6304365793706533,0.6304365793706533,0.6710977404055927,0.6304365793706533,0.6304365793706533,0.6402068713869444,0.6402068713869444,0.6402068713869444,0.6304365793706533,0.6304365793706533,0.6402068713869444,0.6304365793706533,0.6402068713869444,0.6304365793706533,0.6304365793706533,0.6304365793706533,0.6304365793706533,0.6402068713869444,0.6304365793706533,0.6304365793706533,0.6304365793706533,0.6304365793706533,0.6304365793706533,0.6304365793706533,0.6304365793706533,0.6304365793706533,0.6304365793706533,0.6304365793706533,0.6402068713869444,0.6304365793706533,0.6304365793706533,0.7001288764426759,0.6304365793706533,0.6304365793706533,0.6304365793706533,0.6304365793706533,0.6304365793706533,0.6304365793706533,0.6304365793706533,0.6402068713869444,0.6304365793706533,0.6304365793706533,0.6304365793706533,0.5956994491857489,0.6304365793706533,0.6304365793706533,0.6304365793706533,0.5053077188403893,0.5053077188403893,0.5053077188403893,0.5456882367760869,0.5053077188403893,0.5456882367760869,0.5053077188403893,0.5053077188403893,0.5456882367760869,0.5053077188403893,0.5456882367760869,0.3883348685058907,0.5053077188403893,0.5053077188403893,0.5053077188403893,0.5053077188403893,0.5053077188403893,0.5664853848373239,0.5053077188403893,0.5053077188403893,0.5053077188403893,0.5664853848373239,0.5053077188403893,0.5053077188403893,0.5053077188403893,0.5053077188403893,0.5053077188403893,0.5053077188403893,0.5053077188403893,0.5053077188403893,0.5456882367760869,0.5053077188403893,0.5053077188403893,0.5053077188403893,0.5053077188403893,0.5053077188403893,0.5053077188403893,0.5456882367760869,0.5053077188403893,0.5053077188403893,0.5053077188403893,0.5456882367760869,0.5053077188403893,0.5053077188403893,0.5053077188403893,0.5053077188403893,0.5053077188403893,0.5053077188403893,0.5053077188403893,0.5053077188403893
2.0,2.0,2.0,2.0,2.0,2.0,2.0,2.0,2.0,2.0,2.0,2.0,2.0,2.0,2.0,2.0,2.0,2.0,2.0,2.0,2.0,2.0,2.0,2.0,2.0,2.0,2.0,2.0,2.0,2.0,2.0,2.0,2.0,2.0,2.0,2.0,2.0,2.0,2.0,2.0,2.0,2.0,2.0,2.0,2.0,2.0,2.0,2.0,2.0,2.0,2.0,2.0,2.0,2.0,2.0,2.0,2.0,2.0,2.0,2.0,2.0,2.0,2.0,2.0,2.0,2.0,2.0,2.0,2.0,2.0,2.0,2.0,2.0,2.0,2.0,2.0,2.0,2.0,2.0,2.0,2.0,2.0,2.0,2.0,2.0,2.0,2.0,2.0,2.0,2.0,2.0,2.0,2.0,2.0,2.0,2.0,2.0,2.0,2.0,2.0,0.7862078595800507,0.7862078595800507,0.7862078595800507,0.7862078595800507,0.7862078595800507,0.7534286789013425,0.7862078595800507,0.7862078595800507,0.7534286789013425,0.7862078595800507,0.7862078595800507,0.7862078595800507,0.7862078595800507,0.7862078595800507,0.7862078595800507,0.7862078595800507,0.7862078595800507,0.7862078595800507,0.7862078595800507,0.7862078595800507,0.7862078595800507,0.7862078595800507,0.7862078595800507,0.7862078595800507,0.7862078595800507,0.7862078595800507,0.7534286789013425,0.7862078595800507,0.7862078595800507,0.7534286789013425,0.7862078595800507,0.7862078595800507,0.7862078595800507,0.7862078595800507,0.7862078595800507,0.7862078595800507,0.7534286789013425,0.7862078595800507,0.7862078595800507,0.7862078595800507,0.7862078595800507,0.7862078595800507,0.7862078595800507,0.7862078595800507,0.7862078595800507,0.7862078595800507,0.7862078595800507,0.7862078595800507,0.7862078595800507,0.7534286789013425,0.23363578410909341,0.23363578410909341,0.23363578410909341,0.23363578410909341,0.23363578410909341,0.23363578410909341,0.23363578410909341,0.23363578410909341,0.23363578410909341,0.2527350939542879,0.23363578410909341,0.23363578410909341,0.23363578410909341,0.23363578410909341,0.23363578410909341,0.23363578410909341,0.23363578410909341,0.23363578410909341,0.23363578410909341,0.23363578410909341,0.25667034160671276,0.23363578410909341,0.23363578410909341,0.23363578410909341,0.23363578410909341,0.23363578410909341,0.23363578410909341,0.23363578410909341,0.23363578410909341,0.23363578410909341,0.23363578410909341,0.23363578410909341,0.23363578410909341,0.23363578410909341,0.23363578410909341,0.23363578410909341,0.23363578410909341,0.23363578410909341,0.23363578410909341,0.23363578410909341,0.23363578410909341,0.23363578410909341,0.23363578410909341,0.23363578410909341,0.23363578410909341,0.23363578410909341,0.23363578410909341,0.23363578410909341,0.23363578410909341,0.23363578410909341,0.6304365793706533,0.6304365793706533,0.6304365793706533,0.6304365793706533,0.6304365793706533,0.6723262734050707,0.6304365793706533,0.6304365793706533,0.6723262734050707,0.6304365793706533,0.6304365793706533,0.6304365793706533,0.6304365793706533,0.6304365793706533,0.6304365793706533,0.6304365793706533,0.6304365793706533,0.6304365793706533,0.6304365793706533,0.6304365793706533,0.6304365793706533,0.6304365793706533,0.6304365793706533,0.6304365793706533,0.6304365793706533,0.6304365793706533,0.6723262734050707,0.6304365793706533,0.6304365793706533,0.6723262734050707,0.6304365793706533,0.6304365793706533,0.6304365793706533,0.6304365793706533,0.6304365793706533,0.6304365793706533,0.6723262734050707,0.6304365793706533,0.6304365793706533,0.6304365793706533,0.6304365793706533,0.6304365793706533,0.6304365793706533,0.6304365793706533,0.6304365793706533,0.6304365793706533,0.6304365793706533,0.6304365793706533,0.6304365793706533,0.6723262734050707,0.46450049591789944,0.46450049591789944,0.46450049591789944,0.46450049591789944,0.46450049591789944,0.46450049591789944,0.46450049591789944,0.46450049591789944,0.46450049591789944,0.4983075416114532,0.46450049591789944,0.46450049591789944,0.46450049591789944,0.46450049591789944,0.46450049591789944,0.46450049591789944,0.46450049591789944,0.46450049591789944,0.46450049591789944,0.46450049591789944,0.5569215759806928,0.46450049591789944,0.46450049591789944,0.46450049591789944,0.46450049591789944,0.46450049591789944,0.46450049591789944,0.46450049591789944,0.46450049591789944,0.46450049591789944,0.46450049591789944,0.46450049591789944,0.46450049591789944,0.46450049591789944,0.46450049591789944,0.46450049591789944,0.46450049591789944,0.46450049591789944,0.46450049591789944,0.46450049591789944,0.46450049591789944,0.46450049591789944,0.46450049591789944,0.46450049591789944,0.46450049591789944,0.46450049591789944,0.46450049591789944,0.46450049591789944,0.46450049591789944,0.46450049591789944
2.0,2.0,2.0,2.0,2.0,2.0,2.0,2.0,2.0,2.0,2.0,2.0,2.0,2.0,2.0,2.0,2.0,2.0,2.0,2.0,2.0,2.0,2.0,2.0,2.0,2.0,2.0,2.0,2.0,2.0,2.0,2.0,2.0,2.0,2.0,2.0,2.0,2.0,2.0,2.0,2.0,2.0,2.0,2.0,2.0,2.0,2.0,2.0,2.0,2.0,2.0,2.0,2.0,2.0,2.0,2.0,2.0,2.0,2.0,2.0,2.0,2.0,2.0,2.0,2.0,2.0,2.0,2.0,2.0,2.0,2.0,2.0,2.0,2.0,2.0,2.0,2.0,2.0,2.0,2.0,2.0,2.0,2.0,2.0,2.0,2.0,2.0,2.0,2.0,2.0,2.0,2.0,2.0,2.0,2.0,2.0,2.0,2.0,2.0,2.0,0.7171648163815441,0.7273187090228698,0.7273187090228698,0.7273187090228698,0.7273187090228698,0.7273187090228698,0.7273187090228698,0.7273187090228698,0.7273187090228698,0.7273187090228698,0.7273187090228698,0.7273187090228698,0.7273187090228698,0.7981423671563739,0.7273187090228698,0.7273187090228698,0.7273187090228698,0.7273187090228698,0.7273187090228698,0.7171648163815441,0.7273187090228698,0.7273187090228698,0.7273187090228698,0.7273187090228698,0.7981423671563739,0.7981423671563739,0.7273187090228698,0.7273187090228698,0.7981423671563739,0.7273187090228698,0.7273187090228698,0.7273187090228698,0.7273187090228698,0.703433642461675,0.7273187090228698,0.7273187090228698,0.7273187090228698,0.7981423671563739,0.7273187090228698,0.7273187090228698,0.7273187090228698,0.7273187090228698,0.7273187090228698,0.7273187090228698,0.7273187090228698,0.7981423671563739,0.7273187090228698,0.7273187090228698,0.7981423671563739,0.7273187090228698,0.23363578410909341,0.23363578410909341,0.23363578410909341,0.23363578410909341,0.23363578410909341,0.23363578410909341,0.21946083193220758,0.23363578410909341,0.23363578410909341,0.23363578410909341,0.23363578410909341,0.23135312642226002,0.23363578410909341,0.23363578410909341,0.23363578410909341,0.23363578410909341,0.23363578410909341,0.23363578410909341,0.23363578410909341,0.23363578410909341,0.23363578410909341,0.23363578410909341,0.23363578410909341,0.23363578410909341,0.23363578410909341,0.23363578410909341,0.23363578410909341,0.23363578410909341,0.23363578410909341,0.23363578410909341,0.23363578410909341,0.23363578410909341,0.23363578410909341,0.23363578410909341,0.23363578410909341,0.23363578410909341,0.23363578410909341,0.23363578410909341,0.23363578410909341,0.23363578410909341,0.23363578410909341,0.23363578410909341,0.23363578410909341,0.23363578410909341,0.23363578410909341,0.23363578410909341,0.23363578410909341,0.23363578410909341,0.20425862115740726,0.23363578410909341,0.6028150967264259,0.577409032195083,0.577409032195083,0.577409032195083,0.577409032195083,0.577409032195083,0.577409032195083,0.577409032195083,0.577409032195083,0.577409032195083,0.577409032195083,0.577409032195083,0.577409032195083,0.5181952036395533,0.577409032195083,0.577409032195083,0.577409032195083,0.577409032195083,0.577409032195083,0.6028150967264259,0.577409032195083,0.577409032195083,0.577409032195083,0.577409032195083,0.5181952036395533,0.5181952036395533,0.577409032195083,0.577409032195083,0.5181952036395533,0.577409032195083,0.577409032195083,0.577409032195083,0.577409032195083,0.5071280854307233,0.577409032195083,0.577409032195083,0.577409032195083,0.5181952036395533,0.577409032195083,0.577409032195083,0.577409032195083,0.577409032195083,0.577409032195083,0.577409032195083,0.577409032195083,0.5181952036395533,0.577409032195083,0.577409032195083,0.5181952036395533,0.577409032195083,0.46450049591789944,0.46450049591789944,0.46450049591789944,0.46450049591789944,0.46450049591789944,0.46450049591789944,0.47121797905704554,0.46450049591789944,0.46450049591789944,0.46450049591789944,0.46450049591789944,0.4182660109359388,0.46450049591789944,0.46450049591789944,0.46450049591789944,0.46450049591789944,0.46450049591789944,0.46450049591789944,0.46450049591789944,0.46450049591789944,0.46450049591789944,0.46450049591789944,0.46450049591789944,0.46450049591789944,0.46450049591789944,0.46450049591789944,0.46450049591789944,0.46450049591789944,0.46450049591789944,0.46450049591789944,0.46450049591789944,0.46450049591789944,0.46450049591789944,0.46450049591789944,0.46450049591789944,0.46450049591789944,0.46450049591789944,0.46450049591789944,0.46450049591789944,0.46450049591789944,0.46450049591789944,0.46450049591789944,0.46450049591789944,0.46450049591789944,0.46450049591789944,0.46450049591789944,0.46450049591789944,0.46450049591789944,0.43732419903059017,0.46450049591789944
2.0,2.0,2.0,2.0,2.0,2.0,2.0,2.0,2.0,2.0,2.0,2.0,2.0,2.0,2.0,2.0,2.0,2.0,2.0,2.0,2.0,2.0,2.0,2.0,2.0,2.0,2.0,2.0,2.0,2.0,2.0,2.0,2.0,2.0,2.0,2.0,2.0,2.0,2.0,2.0,2.0,2.0,2.0,2.0,2.0,2.0,2.0,2.0,2.0,2.0,2.0,2.0,2.0,2.0,2.0,2.0,2.0,2.0,2.0,2.0,2.0,2.0,2.0,2.0,2.0,2.0,2.0,2.0,2.0,2.0,2.0,2.0,2.0,2.0,2.0,2.0,2.0,2.0,2.0,2.0,2.0,2.0,2.0,2.0,2.0,2.0,2.0,2.0,2.0,2.0,2.0,2.0,2.0,2.0,2.0,2.0,2.0,2.0,2.0,2.0,0.7273187090228698,0.7273187090228698,0.7273187090228698,0.7273187090228698,0.7273187090228698,0.7273187090228698,0.7273187090228698,0.7273187090228698,0.7273187090228698,0.7273187090228698,0.7273187090228698,0.7273187090228698,0.7273187090228698,0.7273187090228698,0.7273187090228698,0.7273187090228698,0.7273187090228698,0.7273187090228698,0.7273187090228698,0.7273187090228698,0.7273187090228698,0.7273187090228698,0.7273187090228698,0.7273187090228698,0.7273187090228698,0.7273187090228698,0.7273187090228698,0.7273187090228698,0.7273187090228698,0.7273187090228698,0.7273187090228698,0.7273187090228698,0.7273187090228698,0.7273187090228698,0.7273187090228698,0.7652597976300073,0.7273187090228698,0.7273187090228698,0.7273187090228698,0.7273187090228698,0.7273187090228698,0.7273187090228698,0.7273187090228698,0.7273187090228698,0.7273187090228698,0.7273187090228698,0.7273187090228698,0.7273187090228698,0.7273187090228698,0.7426763166662891,0.1341865440683696,0.1341865440683696,0.1641605270439132,0.1341865440683696,0.1341865440683696,0.23363578410909341,0.1341865440683696,0.1341865440683696,0.23363578410909341,0.1772947308181007,0.1341865440683696,0.1341865440683696,0.1641605270439132,0.1341865440683696,0.23363578410909341,0.1641605270439132,0.1341865440683696,0.23363578410909341,0.1341865440683696,0.1641605270439132,0.23363578410909341,0.1341865440683696,0.1341865440683696,0.1341865440683696,0.23363578410909341,0.1341865440683696,0.3096815979396311,0.1341865440683696,0.1341865440683696,0.23363578410909341,0.23363578410909341,0.23363578410909341,0.23363578410909341,0.1341865440683696,0.1341865440683696,0.1772947308181007,0.1341865440683696,0.23363578410909341,0.1341865440683696,0.1341865440683696,0.1341865440683696,0.1641605270439132,0.1341865440683696,0.23363578410909341,0.1341865440683696,0.1341865440683696,0.3096815979396311,0.1341865440683696,0.1772947308181007,0.23363578410909341,0.577409032195083,0.577409032195083,0.577409032195083,0.577409032195083,0.577409032195083,0.577409032195083,0.577409032195083,0.577409032195083,0.577409032195083,0.577409032195083,0.577409032195083,0.577409032195083,0.577409032195083,0.577409032195083,0.577409032195083,0.577409032195083,0.577409032195083,0.577409032195083,0.577409032195083,0.577409032195083,0.577409032195083,0.577409032195083,0.577409032195083,0.577409032195083,0.577409032195083,0.577409032195083,0.577409032195083,0.577409032195083,0.577409032195083,0.577409032195083,0.577409032195083,0.577409032195083,0.577409032195083,0.577409032195083,0.577409032195083,0.6021579838221264,0.577409032195083,0.577409032195083,0.577409032195083,0.577409032195083,0.577409032195083,0.577409032195083,0.577409032195083,0.577409032195083,0.577409032195083,0.577409032195083,0.577409032195083,0.577409032195083,0.577409032195083,0.7329205150267183,0.5914226337966428,0.5914226337966428,0.4649687263865369,0.5914226337966428,0.5914226337966428,0.46450049591789944,0.5914226337966428,0.5914226337966428,0.46450049591789944,0.4304732131633821,0.5914226337966428,0.5914226337966428,0.4649687263865369,0.5914226337966428,0.46450049591789944,0.4649687263865369,0.5914226337966428,0.46450049591789944,0.5914226337966428,0.4649687263865369,0.46450049591789944,0.5914226337966428,0.5914226337966428,0.5914226337966428,0.46450049591789944,0.5914226337966428,0.4379200375717371,0.5914226337966428,0.5914226337966428,0.46450049591789944,0.46450049591789944,0.46450049591789944,0.46450049591789944,0.5914226337966428,0.5914226337966428,0.4304732131633821,0.5914226337966428,0.46450049591789944,0.5914226337966428,0.5914226337966428,0.5914226337966428,0.4649687263865369,0.5914226337966428,0.46450049591789944,0.5914226337966428,0.5914226337966428,0.4379200375717371,0.5914226337966428,0.4304732131633821,0.46450049591789944
2.0,2.0,2.0,2.0,2.0,2.0,2.0,2.0,2.0,2.0,2.0,2.0,2.0,2.0,2.0,2.0,2.0,2.0,2.0,2.0,2.0,2.0,2.0,2.0,2.0,2.0,2.0,2.0,2.0,2.0,2.0,2.0,2.0,2.0,2.0,2.0,2.0,2.0,2.0,2.0,2.0,2.0,2.0,2.0,2.0,2.0,2.0,2.0,2.0,2.0,2.0,2.0,2.0,2.0,2.0,2.0,2.0,2.0,2.0,2.0,2.0,2.0,2.0,2.0,2.0,2.0,2.0,2.0,2.0,2.0,2.0,2.0,2.0,2.0,2.0,2.0,2.0,2.0,2.0,2.0,2.0,2.0,2.0,2.0,2.0,2.0,2.0,2.0,2.0,2.0,2.0,2.0,2.0,2.0,2.0,2.0,2.0,2.0,2.0,2.0,0.7273187090228698,0.7607813499997802,0.7273187090228698,0.7436793680164455,0.7436793680164455,0.7436793680164455,0.7436793680164455,0.7436793680164455,0.7273187090228698,0.7273187090228698,0.7273187090228698,0.7273187090228698,0.7273187090228698,0.7436793680164455,0.7436793680164455,0.7273187090228698,0.7273187090228698,0.7273187090228698,0.821596186294976,0.821596186294976,0.7273187090228698,0.7436793680164455,0.7273187090228698,0.7273187090228698,0.7273187090228698,0.7436793680164455,0.7273187090228698,0.7436793680164455,0.7607813499997802,0.7436793680164455,0.7436793680164455,0.7436793680164455,0.7273187090228698,0.7157637652688735,0.7436793680164455,0.7273187090228698,0.7436793680164455,0.7273187090228698,0.7273187090228698,0.7436793680164455,0.7436793680164455,0.7436793680164455,0.7436793680164455,0.7273187090228698,0.7273187090228698,0.7436793680164455,0.7607813499997802,0.7436793680164455,0.7436793680164455,0.7436793680164455,0.09950827517371232,0.09950827517371232,0.0841965143205398,0.09950827517371232,0.09950827517371232,0.09950827517371232,0.09950827517371232,0.09950827517371232,0.09950827517371232,0.10534877849558014,0.09950827517371232,0.09950827517371232,0.09950827517371232,0.09950827517371232,0.09950827517371232,0.09950827517371232,0.09950827517371232,0.09950827517371232,0.09950827517371232,0.09950827517371232,0.10534877849558014,0.09950827517371232,0.09950827517371232,0.09950827517371232,0.09950827517371232,0.09950827517371232,0.09950827517371232,0.09950827517371232,0.12973166722177898,0.09950827517371232,0.09950827517371232,0.09950827517371232,0.09950827517371232,0.09950827517371232,0.09950827517371232,0.09950827517371232,0.09950827517371232,0.09950827517371232,0.09950827517371232,0.09950827517371232,0.09950827517371232,0.10534877849558014,0.09950827517371232,0.09950827517371232,0.09950827517371232,0.09950827517371232,0.09950827517371232,0.09950827517371232,0.09950827517371232,0.09950827517371232,0.577409032195083,0.5606296730286588,0.577409032195083,0.5662528956664494,0.5662528956664494,0.5662528956664494,0.5662528956664494,0.5662528956664494,0.577409032195083,0.577409032195083,0.577409032195083,0.577409032195083,0.577409032195083,0.5662528956664494,0.5662528956664494,0.577409032195083,0.577409032195083,0.577409032195083,0.6368103301719491,0.6368103301719491,0.577409032195083,0.5662528956664494,0.577409032195083,0.577409032195083,0.577409032195083,0.5662528956664494,0.577409032195083,0.5662528956664494,0.5606296730286588,0.5662528956664494,0.5662528956664494,0.5662528956664494,0.577409032195083,0.5460379717255949,0.5662528956664494,0.577409032195083,0.5662528956664494,0.577409032195083,0.577409032195083,0.5662528956664494,0.5662528956664494,0.5662528956664494,0.5662528956664494,0.577409032195083,0.577409032195083,0.5662528956664494,0.5606296730286588,0.5662528956664494,0.5662528956664494,0.5662528956664494,0.6066519739698379,0.6066519739698379,0.5259118591295224,0.6066519739698379,0.6066519739698379,0.6066519739698379,0.6066519739698379,0.6066519739698379,0.6066519739698379,0.5562502482240204,0.6066519739698379,0.6066519739698379,0.6066519739698379,0.6066519739698379,0.6066519739698379,0.6066519739698379,0.6066519739698379,0.6066519739698379,0.6066519739698379,0.6066519739698379,0.5562502482240204,0.6066519739698379,0.6066519739698379,0.6066519739698379,0.6066519739698379,0.6066519739698379,0.6066519739698379,0.6066519739698379,0.6283420459159753,0.6066519739698379,0.6066519739698379,0.6066519739698379,0.6066519739698379,0.6066519739698379,0.6066519739698379,0.6066519739698379,0.6066519739698379,0.6066519739698379,0.6066519739698379,0.6066519739698379,0.6066519739698379,0.5562502482240204,0.6066519739698379,0.6066519739698379,0.6066519739698379,0.6066519739698379,0.6066519739698379,0.6066519739698379,0.6066519739698379,0.6066519739698379
2.0,2.0,2.0,2.0,2.0,2.0,2.0,2.0,2.0,2.0,2.0,2.0,2.0,2.0,2.0,2.0,2.0,2.0,2.0,2.0,2.0,2.0,2.0,2.0,2.0,2.0,2.0,2.0,2.0,2.0,2.0,2.0,2.0,2.0,2.0,2.0,2.0,2.0,2.0,2.0,2.0,2.0,2.0,2.0,2.0,2.0,2.0,2.0,2.0,2.0,2.0,2.0,2.0,2.0,2.0,2.0,2.0,2.0,2.0,2.0,2.0,2.0,2.0,2.0,2.0,2.0,2.0,2.0,2.0,2.0,2.0,2.0,2.0,2.0,2.0,2.0,2.0,2.0,2.0,2.0,2.0,2.0,2.0,2.0,2.0,2.0,2.0,2.0,2.0,2.0,2.0,2.0,2.0,2.0,2.0,2.0,2.0,2.0,2.0,2.0,0.7461785941310292,0.7273187090228698,0.7273187090228698,0.7273187090228698,0.7273187090228698,0.7273187090228698,0.7273187090228698,0.7609239890078281,0.7273187090228698,0.7273187090228698,0.7273187090228698,0.7273187090228698,0.7273187090228698,0.7273187090228698,0.7273187090228698,0.7461785941310292,0.7273187090228698,0.7273187090228698,0.7609239890078281,0.7461785941310292,0.7273187090228698,0.7273187090228698,0.7273187090228698,0.7273187090228698,0.7273187090228698,0.7273187090228698,0.7273187090228698,0.7273187090228698,0.7273187090228698,0.7273187090228698,0.7273187090228698,0.7273187090228698,0.7273187090228698,0.7273187090228698,0.7273187090228698,0.7273187090228698,0.7273187090228698,0.7273187090228698,0.7273187090228698,0.7461785941310292,0.7273187090228698,0.7273187090228698,0.7461785941310292,0.7609239890078281,0.7273187090228698,0.7273187090228698,0.7273187090228698,0.7273187090228698,0.7461785941310292,0.7273187090228698,0.09950827517371232,0.15006620239182245,0.09950827517371232,0.09950827517371232,0.09950827517371232,0.09950827517371232,0.09950827517371232,0.09950827517371232,0.09950827517371232,0.09950827517371232,0.09950827517371232,0.09950827517371232,0.09950827517371232,0.09950827517371232,0.09950827517371232,0.09950827517371232,0.04991108308716166,0.09950827517371232,0.09950827517371232,0.09950827517371232,0.09950827517371232,0.09950827517371232,0.09950827517371232,0.09950827517371232,0.09950827517371232,0.09950827517371232,0.15006620239182245,0.09950827517371232,0.15006620239182245,0.09950827517371232,0.15006620239182245,0.09950827517371232,0.09950827517371232,0.15006620239182245,0.09950827517371232,0.15006620239182245,0.15006620239182245,0.09950827517371232,0.09950827517371232,0.15006620239182245,0.09950827517371232,0.04991108308716166,0.09950827517371232,0.09950827517371232,0.09950827517371232,0.09950827517371232,0.15006620239182245,0.04991108308716166,0.09950827517371232,0.09950827517371232,0.6122492025944469,0.577409032195083,0.577409032195083,0.577409032195083,0.577409032195083,0.577409032195083,0.577409032195083,0.5842672203579453,0.577409032195083,0.577409032195083,0.577409032195083,0.577409032195083,0.577409032195083,0.577409032195083,0.577409032195083,0.6122492025944469,0.577409032195083,0.577409032195083,0.5842672203579453,0.6122492025944469,0.577409032195083,0.577409032195083,0.577409032195083,0.577409032195083,0.577409032195083,0.577409032195083,0.577409032195083,0.577409032195083,0.577409032195083,0.577409032195083,0.577409032195083,0.577409032195083,0.577409032195083,0.577409032195083,0.577409032195083,0.577409032195083,0.577409032195083,0.577409032195083,0.577409032195083,0.6122492025944469,0.577409032195083,0.577409032195083,0.6122492025944469,0.5842672203579453,0.577409032195083,0.577409032195083,0.577409032195083,0.577409032195083,0.6122492025944469,0.577409032195083,0.6066519739698379,0.5796340140146854,0.6066519739698379,0.6066519739698379,0.6066519739698379,0.6066519739698379,0.6066519739698379,0.6066519739698379,0.6066519739698379,0.6066519739698379,0.6066519739698379,0.6066519739698379,0.6066519739698379,0.6066519739698379,0.6066519739698379,0.6066519739698379,0.6299059357312518,0.6066519739698379,0.6066519739698379,0.6066519739698379,0.6066519739698379,0.6066519739698379,0.6066519739698379,0.6066519739698379,0.6066519739698379,0.6066519739698379,0.5796340140146854,0.6066519739698379,0.5796340140146854,0.6066519739698379,0.5796340140146854,0.6066519739698379,0.6066519739698379,0.5796340140146854,0.6066519739698379,0.5796340140146854,0.5796340140146854,0.6066519739698379,0.6066519739698379,0.5796340140146854,0.6066519739698379,0.6299059357312518,0.6066519739698379,0.6066519739698379,0.6066519739698379,0.6066519739698379,0.5796340140146854,0.6299059357312518,0.6066519739698379,0.6066519739698379
2.0,2.0,2.0,2.0,2.0,2.0,2.0,2.0,2.0,2.0,2.0,2.0,2.0,2.0,2.0,2.0,2.0,2.0,2.0,2.0,2.0,2.0,2.0,2.0,2.0,2.0,2.0,2.0,2.0,2.0,2.0,2.0,2.0,2.0,2.0,2.0,2.0,2.0,2.0,2.0,2.0,2.0,2.0,2.0,2.0,2.0,2.0,2.0,2.0,2.0,2.0,2.0,2.0,2.0,2.0,2.0,2.0,2.0,2.0,2.0,2.0,2.0,2.0,2.0,2.0,2.0,2.0,2.0,2.0,2.0,2.0,2.0,2.0,2.0,2.0,2.0,2.0,2.0,2.0,2.0,2.0,2.0,2.0,2.0,2.0,2.0,2.0,2.0,2.0,2.0,2.0,2.0,2.0,2.0,2.0,2.0,2.0,2.0,2.0,2.0,0.7868998319452478,0.7609239890078281,0.7868998319452478,0.7609239890078281,0.7461785941310292,0.7814502263118214,0.7609239890078281,0.7609239890078281,0.7461785941310292,0.7868998319452478,0.7700892657222282,0.7609239890078281,0.7461785941310292,0.7461785941310292,0.7700892657222282,0.7609239890078281,0.7609239890078281,0.7561573053148509,0.7609239890078281,0.7609239890078281,0.7868998319452478,0.7609239890078281,0.7609239890078281,0.7561573053148509,0.7609239890078281,0.7868998319452478,0.7609239890078281,0.7868998319452478,0.7868998319452478,0.7225207745121637,0.7609239890078281,0.7609239890078281,0.7609239890078281,0.7700892657222282,0.7609239890078281,0.7461785941310292,0.7609239890078281,0.7609239890078281,0.7609239890078281,0.7461785941310292,0.7609239890078281,0.7868998319452478,0.7609239890078281,0.7609239890078281,0.7868998319452478,0.7609239890078281,0.7868998319452478,0.7609239890078281,0.7609239890078281,0.7561573053148509,0.15062231417778202,0.14770345276422012,0.13886781435356962,0.13886781435356962,0.13886781435356962,0.13886781435356962,0.13886781435356962,0.13886781435356962,0.13886781435356962,0.08372274667335472,0.13886781435356962,0.13886781435356962,0.13886781435356962,0.13886781435356962,0.13886781435356962,0.13886781435356962,0.08372274667335472,0.09950827517371232,0.13886781435356962,0.08372274667335472,0.13886781435356962,0.13886781435356962,0.14770345276422012,0.13886781435356962,0.13886781435356962,0.13886781435356962,0.13886781435356962,0.13886781435356962,0.09950827517371232,0.13886781435356962,0.13886781435356962,0.09950827517371232,0.017835565214085483,0.13886781435356962,0.13886781435356962,0.13886781435356962,0.09950827517371232,0.13886781435356962,0.13886781435356962,0.13886781435356962,0.13886781435356962,0.13886781435356962,0.13886781435356962,0.13886781435356962,0.09950827517371232,0.13886781435356962,0.09950827517371232,0.13886781435356962,0.09950827517371232,0.13886781435356962,0.5755345110271524,0.5842672203579453,0.5755345110271524,0.5842672203579453,0.6122492025944469,0.6009116065426121,0.5842672203579453,0.5842672203579453,0.6122492025944469,0.5755345110271524,0.6044501235417956,0.5842672203579453,0.6122492025944469,0.6122492025944469,0.6044501235417956,0.5842672203579453,0.5842672203579453,0.6307445054372436,0.5842672203579453,0.5842672203579453,0.5755345110271524,0.5842672203579453,0.5842672203579453,0.6307445054372436,0.5842672203579453,0.5755345110271524,0.5842672203579453,0.5755345110271524,0.5755345110271524,0.6125924697683524,0.5842672203579453,0.5842672203579453,0.5842672203579453,0.6044501235417956,0.5842672203579453,0.6122492025944469,0.5842672203579453,0.5842672203579453,0.5842672203579453,0.6122492025944469,0.5842672203579453,0.5755345110271524,0.5842672203579453,0.5842672203579453,0.5755345110271524,0.5842672203579453,0.5755345110271524,0.5842672203579453,0.5842672203579453,0.6307445054372436,0.4890293834945283,0.5382686405506097,0.532245377020405,0.532245377020405,0.532245377020405,0.532245377020405,0.532245377020405,0.532245377020405,0.532245377020405,0.739780619822388,0.532245377020405,0.532245377020405,0.532245377020405,0.532245377020405,0.532245377020405,0.532245377020405,0.739780619822388,0.6066519739698379,0.532245377020405,0.739780619822388,0.532245377020405,0.532245377020405,0.5382686405506097,0.532245377020405,0.532245377020405,0.532245377020405,0.532245377020405,0.532245377020405,0.6066519739698379,0.532245377020405,0.532245377020405,0.6066519739698379,0.5723493554842953,0.532245377020405,0.532245377020405,0.532245377020405,0.6066519739698379,0.532245377020405,0.532245377020405,0.532245377020405,0.532245377020405,0.532245377020405,0.532245377020405,0.532245377020405,0.6066519739698379,0.532245377020405,0.6066519739698379,0.532245377020405,0.6066519739698379,0.532245377020405
2.0,2.0,2.0,2.0,2.0,2.0,2.0,2.0,2.0,2.0,2.0,2.0,2.0,2.0,2.0,2.0,2.0,2.0,2.0,2.0,2.0,2.0,2.0,2.0,2.0,2.0,2.0,2.0,2.0,2.0,2.0,2.0,2.0,2.0,2.0,2.0,2.0,2.0,2.0,2.0,2.0,2.0,2.0,2.0,2.0,2.0,2.0,2.0,2.0,2.0,2.0,2.0,2.0,2.0,2.0,2.0,2.0,2.0,2.0,2.0,2.0,2.0,2.0,2.0,2.0,2.0,2.0,2.0,2.0,2.0,2.0,2.0,2.0,2.0,2.0,2.0,2.0,2.0,2.0,2.0,2.0,2.0,2.0,2.0,2.0,2.0,2.0,2.0,2.0,2.0,2.0,2.0,2.0,2.0,2.0,2.0,2.0,2.0,2.0,2.0,0.7510598653429382,0.7510598653429382,0.7510598653429382,0.7461785941310292,0.7461785941310292,0.7510598653429382,0.7510598653429382,0.7510598653429382,0.7461785941310292,0.7510598653429382,0.7461785941310292,0.7510598653429382,0.7302850760266394,0.7521734486065789,0.7510598653429382,0.7461785941310292,0.7510598653429382,0.7461785941310292,0.7510598653429382,0.7510598653429382,0.7461785941310292,0.7461785941310292,0.7461785941310292,0.7461785941310292,0.7461785941310292,0.7461785941310292,0.7510598653429382,0.7461785941310292,0.7521734486065789,0.7510598653429382,0.7510598653429382,0.7461785941310292,0.7461785941310292,0.7510598653429382,0.7461785941310292,0.7510598653429382,0.7461785941310292,0.7510598653429382,0.7461785941310292,0.7510598653429382,0.7461785941310292,0.7461785941310292,0.7510598653429382,0.7302850760266394,0.7461785941310292,0.7510598653429382,0.7461785941310292,0.7521734486065789,0.7510598653429382,0.7510598653429382,0.14770345276422012,0.12309972333602595,0.14770345276422012,0.214822908591506,0.14770345276422012,0.14770345276422012,0.14770345276422012,0.14770345276422012,0.14770345276422012,0.12309972333602595,0.214822908591506,0.14770345276422012,0.14770345276422012,0.14770345276422012,0.12309972333602595,0.14770345276422012,0.214822908591506,0.14770345276422012,0.12309972333602595,0.14770345276422012,0.12309972333602595,0.14770345276422012,0.14770345276422012,0.14770345276422012,0.14770345276422012,0.12309972333602595,0.12309972333602595,0.14770345276422012,0.12309972333602595,0.14770345276422012,0.14770345276422012,0.12309972333602595,0.14770345276422012,0.14770345276422012,0.14770345276422012,0.14770345276422012,0.14770345276422012,0.12309972333602595,0.214822908591506,0.12309972333602595,0.12309972333602595,0.14770345276422012,0.14770345276422012,0.14770345276422012,0.12309972333602595,0.12309972333602595,0.14770345276422012,0.12309972333602595,0.14770345276422012,0.214822908591506,0.532808397552108,0.532808397552108,0.532808397552108,0.6122492025944469,0.6122492025944469,0.532808397552108,0.532808397552108,0.532808397552108,0.6122492025944469,0.532808397552108,0.6122492025944469,0.532808397552108,0.4851855236876846,0.4646374098764797,0.532808397552108,0.6122492025944469,0.532808397552108,0.6122492025944469,0.532808397552108,0.532808397552108,0.6122492025944469,0.6122492025944469,0.6122492025944469,0.6122492025944469,0.6122492025944469,0.6122492025944469,0.532808397552108,0.6122492025944469,0.4646374098764797,0.532808397552108,0.532808397552108,0.6122492025944469,0.6122492025944469,0.532808397552108,0.6122492025944469,0.532808397552108,0.6122492025944469,0.532808397552108,0.6122492025944469,0.532808397552108,0.6122492025944469,0.6122492025944469,0.532808397552108,0.4851855236876846,0.6122492025944469,0.532808397552108,0.6122492025944469,0.4646374098764797,0.532808397552108,0.532808397552108,0.5382686405506097,0.5663159228141179,0.5382686405506097,0.5484669284206212,0.5382686405506097,0.5382686405506097,0.5382686405506097,0.5382686405506097,0.5382686405506097,0.5663159228141179,0.5484669284206212,0.5382686405506097,0.5382686405506097,0.5382686405506097,0.5663159228141179,0.5382686405506097,0.5484669284206212,0.5382686405506097,0.5663159228141179,0.5382686405506097,0.5663159228141179,0.5382686405506097,0.5382686405506097,0.5382686405506097,0.5382686405506097,0.5663159228141179,0.5663159228141179,0.5382686405506097,0.5663159228141179,0.5382686405506097,0.5382686405506097,0.5663159228141179,0.5382686405506097,0.5382686405506097,0.5382686405506097,0.5382686405506097,0.5382686405506097,0.5663159228141179,0.5484669284206212,0.5663159228141179,0.5663159228141179,0.5382686405506097,0.5382686405506097,0.5382686405506097,0.5663159228141179,0.5663159228141179,0.5382686405506097,0.5663159228141179,0.5382686405506097,0.5484669284206212
2.0,2.0,2.0,2.0,2.0,2.0,2.0,2.0,2.0,2.0,2.0,2.0,2.0,2.0,2.0,2.0,2.0,2.0,2.0,2.0,2.0,2.0,2.0,2.0,2.0,2.0,2.0,2.0,2.0,2.0,2.0,2.0,2.0,2.0,2.0,2.0,2.0,2.0,2.0,2.0,2.0,2.0,2.0,2.0,2.0,2.0,2.0,2.0,2.0,2.0,2.0,2.0,2.0,2.0,2.0,2.0,2.0,2.0,2.0,2.0,2.0,2.0,2.0,2.0,2.0,2.0,2.0,2.0,2.0,2.0,2.0,2.0,2.0,2.0,2.0,2.0,2.0,2.0,2.0,2.0,2.0,2.0,2.0,2.0,2.0,2.0,2.0,2.0,2.0,2.0,2.0,2.0,2.0,2.0,2.0,2.0,2.0,2.0,2.0,2.0,0.7932057682356349,0.7461785941310292,0.7932057682356349,0.7932057682356349,0.8904916579311121,0.7932057682356349,0.7932057682356349,0.7461785941310292,0.7932057682356349,0.7932057682356349,0.7932057682356349,0.7932057682356349,0.7461785941310292,0.7932057682356349,0.7932057682356349,0.7932057682356349,0.7932057682356349,0.7932057682356349,0.7461785941310292,0.7932057682356349,0.7461785941310292,0.7461785941310292,0.7932057682356349,0.7461785941310292,0.7932057682356349,0.7932057682356349,0.7932057682356349,0.7461785941310292,0.7932057682356349,0.7461785941310292,0.7932057682356349,0.7932057682356349,0.7932057682356349,0.7461785941310292,0.7461785941310292,0.7932057682356349,0.7932057682356349,0.7932057682356349,0.7461785941310292,0.8904916579311121,0.7932057682356349,0.7932057682356349,0.7461785941310292,0.7932057682356349,0.7461785941310292,0.7461785941310292,0.7932057682356349,0.7932057682356349,0.7461785941310292,0.7461785941310292,0.16525426659122558,0.12309972333602595,0.12309972333602595,0.12309972333602595,0.12309972333602595,0.17244058814848578,0.12309972333602595,0.12309972333602595,0.12692858687052683,0.11733626115695946,0.12309972333602595,0.12309972333602595,0.12309972333602595,0.12692858687052683,0.12309972333602595,0.11733626115695946,0.12692858687052683,0.12309972333602595,0.12309972333602595,0.12309972333602595,0.12692858687052683,0.12309972333602595,0.12309972333602595,0.12309972333602595,0.12692858687052683,0.12309972333602595,0.12309972333602595,0.17244058814848578,0.12692858687052683,0.12309972333602595,0.16525426659122558,0.09690581783048813,0.12692858687052683,0.12309972333602595,0.17244058814848578,0.12309972333602595,0.12692858687052683,0.17244058814848578,0.12309972333602595,0.12309972333602595,0.12309972333602595,0.11733626115695946,0.12692858687052683,0.12309972333602595,0.16525426659122558,0.12309972333602595,0.11733626115695946,0.12309972333602595,0.12309972333602595,0.12309972333602595,0.7137978371412703,0.6122492025944469,0.7137978371412703,0.7137978371412703,0.7396099835060141,0.7137978371412703,0.7137978371412703,0.6122492025944469,0.7137978371412703,0.7137978371412703,0.7137978371412703,0.7137978371412703,0.6122492025944469,0.7137978371412703,0.7137978371412703,0.7137978371412703,0.7137978371412703,0.7137978371412703,0.6122492025944469,0.7137978371412703,0.6122492025944469,0.6122492025944469,0.7137978371412703,0.6122492025944469,0.7137978371412703,0.7137978371412703,0.7137978371412703,0.6122492025944469,0.7137978371412703,0.6122492025944469,0.7137978371412703,0.7137978371412703,0.7137978371412703,0.6122492025944469,0.6122492025944469,0.7137978371412703,0.7137978371412703,0.7137978371412703,0.6122492025944469,0.7396099835060141,0.7137978371412703,0.7137978371412703,0.6122492025944469,0.7137978371412703,0.6122492025944469,0.6122492025944469,0.7137978371412703,0.7137978371412703,0.6122492025944469,0.6122492025944469,0.6144567683582608,0.5663159228141179,0.5663159228141179,0.5663159228141179,0.5663159228141179,0.5326145298443876,0.5663159228141179,0.5663159228141179,0.6320645567602227,0.6401972106420477,0.5663159228141179,0.5663159228141179,0.5663159228141179,0.6320645567602227,0.5663159228141179,0.6401972106420477,0.6320645567602227,0.5663159228141179,0.5663159228141179,0.5663159228141179,0.6320645567602227,0.5663159228141179,0.5663159228141179,0.5663159228141179,0.6320645567602227,0.5663159228141179,0.5663159228141179,0.5326145298443876,0.6320645567602227,0.5663159228141179,0.6144567683582608,0.5980919343822164,0.6320645567602227,0.5663159228141179,0.5326145298443876,0.5663159228141179,0.6320645567602227,0.5326145298443876,0.5663159228141179,0.5663159228141179,0.5663159228141179,0.6401972106420477,0.6320645567602227,0.5663159228141179,0.6144567683582608,0.5663159228141179,0.6401972106420477,0.5663159228141179,0.5663159228141179,0.5663159228141179
2.0,2.0,2.0,2.0,2.0,2.0,2.0,2.0,2.0,2.0,2.0,2.0,2.0,2.0,2.0,2.0,2.0,2.0,2.0,2.0,2.0,2.0,2.0,2.0,2.0,2.0,2.0,2.0,2.0,2.0,2.0,2.0,2.0,2.0,2.0,2.0,2.0,2.0,2.0,2.0,2.0,2.0,2.0,2.0,2.0,2.0,2.0,2.0,2.0,2.0,2.0,2.0,2.0,2.0,2.0,2.0,2.0,2.0,2.0,2.0,2.0,2.0,2.0,2.0,2.0,2.0,2.0,2.0,2.0,2.0,2.0,2.0,2.0,2.0,2.0,2.0,2.0,2.0,2.0,2.0,2.0,2.0,2.0,2.0,2.0,2.0,2.0,2.0,2.0,2.0,2.0,2.0,2.0,2.0,2.0,2.0,2.0,2.0,2.0,2.0,0.7460211516538212,0.75731265340694,0.75731265340694,0.7460211516538212,0.715202743985992,0.7460211516538212,0.7460211516538212,0.7460211516538212,0.7460211516538212,0.7460211516538212,0.75731265340694,0.715202743985992,0.7460211516538212,0.715202743985992,0.7460211516538212,0.715202743985992,0.7460211516538212,0.75731265340694,0.75731265340694,0.7460211516538212,0.8056505614660834,0.715202743985992,0.75731265340694,0.715202743985992,0.7460211516538212,0.7460211516538212,0.7460211516538212,0.7460211516538212,0.7460211516538212,0.7607530456111283,0.7607530456111283,0.715202743985992,0.7460211516538212,0.715202743985992,0.715202743985992,0.7460211516538212,0.7460211516538212,0.7460211516538212,0.7607530456111283,0.7460211516538212,0.75731265340694,0.7460211516538212,0.7460211516538212,0.7460211516538212,0.75731265340694,0.75731265340694,0.7460211516538212,0.7460211516538212,0.7460211516538212,0.715202743985992,0.13817640983598045,0.13817640983598045,0.16241317558384122,0.13984563860834065,0.13817640983598045,0.13817640983598045,0.13817640983598045,0.12849914833909903,0.13817640983598045,0.13817640983598045,0.13817640983598045,0.13817640983598045,0.13817640983598045,0.13817640983598045,0.13817640983598045,0.12849914833909903,0.12849914833909903,0.13817640983598045,0.13817640983598045,0.13817640983598045,0.13817640983598045,0.12849914833909903,0.13817640983598045,0.12849914833909903,0.16241317558384122,0.13817640983598045,0.13817640983598045,0.13817640983598045,0.16241317558384122,0.13817640983598045,0.13817640983598045,0.13817640983598045,0.13817640983598045,0.13817640983598045,0.13817640983598045,0.13817640983598045,0.13817640983598045,0.12849914833909903,0.13817640983598045,0.13817640983598045,0.13817640983598045,0.13817640983598045,0.13817640983598045,0.13817640983598045,0.13817640983598045,0.16241317558384122,0.12849914833909903,0.13817640983598045,0.13817640983598045,0.13817640983598045,0.6562401616221465,0.7038571267162543,0.7038571267162543,0.6562401616221465,0.5956410398841284,0.6562401616221465,0.6562401616221465,0.6562401616221465,0.6562401616221465,0.6562401616221465,0.7038571267162543,0.5956410398841284,0.6562401616221465,0.5956410398841284,0.6562401616221465,0.5956410398841284,0.6562401616221465,0.7038571267162543,0.7038571267162543,0.6562401616221465,0.6631934606836614,0.5956410398841284,0.7038571267162543,0.5956410398841284,0.6562401616221465,0.6562401616221465,0.6562401616221465,0.6562401616221465,0.6562401616221465,0.7065838631238733,0.7065838631238733,0.5956410398841284,0.6562401616221465,0.5956410398841284,0.5956410398841284,0.6562401616221465,0.6562401616221465,0.6562401616221465,0.7065838631238733,0.6562401616221465,0.7038571267162543,0.6562401616221465,0.6562401616221465,0.6562401616221465,0.7038571267162543,0.7038571267162543,0.6562401616221465,0.6562401616221465,0.6562401616221465,0.5956410398841284,0.5945341148844773,0.5945341148844773,0.7361196265326789,0.6529974577564347,0.5945341148844773,0.5945341148844773,0.5945341148844773,0.5736802173249819,0.5945341148844773,0.5945341148844773,0.5945341148844773,0.5945341148844773,0.5945341148844773,0.5945341148844773,0.5945341148844773,0.5736802173249819,0.5736802173249819,0.5945341148844773,0.5945341148844773,0.5945341148844773,0.5945341148844773,0.5736802173249819,0.5945341148844773,0.5736802173249819,0.7361196265326789,0.5945341148844773,0.5945341148844773,0.5945341148844773,0.7361196265326789,0.5945341148844773,0.5945341148844773,0.5945341148844773,0.5945341148844773,0.5945341148844773,0.5945341148844773,0.5945341148844773,0.5945341148844773,0.5736802173249819,0.5945341148844773,0.5945341148844773,0.5945341148844773,0.5945341148844773,0.5945341148844773,0.5945341148844773,0.5945341148844773,0.7361196265326789,0.5736802173249819,0.5945341148844773,0.5945341148844773,0.5945341148844773
2.0,2.0,2.0,2.0,2.0,2.0,2.0,2.0,2.0,2.0,2.0,2.0,2.0,2.0,2.0,2.0,2.0,2.0,2.0,2.0,2.0,2.0,2.0,2.0,2.0,2.0,2.0,2.0,2.0,2.0,2.0,2.0,2.0,2.0,2.0,2.0,2.0,2.0,2.0,2.0,2.0,2.0,2.0,2.0,2.0,2.0,2.0,2.0,2.0,2.0,2.0,2.0,2.0,2.0,2.0,2.0,2.0,2.0,2.0,2.0,2.0,2.0,2.0,2.0,2.0,2.0,2.0,2.0,2.0,2.0,2.0,2.0,2.0,2.0,2.0,2.0,2.0,2.0,2.0,2.0,2.0,2.0,2.0,2.0,2.0,2.0,2.0,2.0,2.0,2.0,2.0,2.0,2.0,2.0,2.0,2.0,2.0,2.0,2.0,2.0,0.7225493816468636,0.715202743985992,0.715202743985992,0.715202743985992,0.715202743985992,0.7225493816468636,0.7225493816468636,0.7225493816468636,0.7225493816468636,0.715202743985992,0.715202743985992,0.715202743985992,0.715202743985992,0.7225493816468636,0.715202743985992,0.7225493816468636,0.7225493816468636,0.715202743985992,0.7225493816468636,0.715202743985992,0.7225493816468636,0.7225493816468636,0.7225493816468636,0.715202743985992,0.7225493816468636,0.715202743985992,0.7225493816468636,0.715202743985992,0.715202743985992,0.6466125894624164,0.7225493816468636,0.715202743985992,0.7225493816468636,0.715202743985992,0.7225493816468636,0.715202743985992,0.7225493816468636,0.7225493816468636,0.715202743985992,0.715202743985992,0.7225493816468636,0.715202743985992,0.715202743985992,0.715202743985992,0.7225493816468636,0.715202743985992,0.715202743985992,0.7225493816468636,0.7225493816468636,0.715202743985992,0.03626901610130988,0.13817640983598045,0.0991589587951453,0.09723731132093238,0.09723731132093238,0.03626901610130988,0.13817640983598045,0.09723731132093238,0.13817640983598045,0.13817640983598045,0.0991589587951453,0.13817640983598045,0.13817640983598045,0.03626901610130988,0.0991589587951453,0.09723731132093238,0.13817640983598045,0.09723731132093238,0.13817640983598045,0.09723731132093238,0.09723731132093238,0.13817640983598045,0.13511670762390926,0.13817640983598045,0.09723731132093238,0.09723731132093238,0.13817640983598045,0.0991589587951453,0.09723731132093238,0.09723731132093238,0.19055461124773238,0.13511670762390926,0.09723731132093238,0.09723731132093238,0.13817640983598045,0.09723731132093238,0.03626901610130988,0.0538071877180904,0.09723731132093238,0.03626901610130988,0.09723731132093238,0.03626901610130988,0.13817640983598045,0.13817640983598045,0.09723731132093238,0.13817640983598045,0.03626901610130988,0.09723731132093238,0.13817640983598045,0.13817640983598045,0.6660824260345608,0.5956410398841284,0.5956410398841284,0.5956410398841284,0.5956410398841284,0.6660824260345608,0.6660824260345608,0.6660824260345608,0.6660824260345608,0.5956410398841284,0.5956410398841284,0.5956410398841284,0.5956410398841284,0.6660824260345608,0.5956410398841284,0.6660824260345608,0.6660824260345608,0.5956410398841284,0.6660824260345608,0.5956410398841284,0.6660824260345608,0.6660824260345608,0.6660824260345608,0.5956410398841284,0.6660824260345608,0.5956410398841284,0.6660824260345608,0.5956410398841284,0.5956410398841284,0.5818033609401309,0.6660824260345608,0.5956410398841284,0.6660824260345608,0.5956410398841284,0.6660824260345608,0.5956410398841284,0.6660824260345608,0.6660824260345608,0.5956410398841284,0.5956410398841284,0.6660824260345608,0.5956410398841284,0.5956410398841284,0.5956410398841284,0.6660824260345608,0.5956410398841284,0.5956410398841284,0.6660824260345608,0.6660824260345608,0.5956410398841284,0.6844660171186299,0.5945341148844773,0.5851160281527785,0.5679258363333337,0.5679258363333337,0.6844660171186299,0.5945341148844773,0.5679258363333337,0.5945341148844773,0.5945341148844773,0.5851160281527785,0.5945341148844773,0.5945341148844773,0.6844660171186299,0.5851160281527785,0.5679258363333337,0.5945341148844773,0.5679258363333337,0.5945341148844773,0.5679258363333337,0.5679258363333337,0.5945341148844773,0.5628348211044722,0.5945341148844773,0.5679258363333337,0.5679258363333337,0.5945341148844773,0.5851160281527785,0.5679258363333337,0.5679258363333337,0.5737809272249373,0.5628348211044722,0.5679258363333337,0.5679258363333337,0.5945341148844773,0.5679258363333337,0.6844660171186299,0.5630777313718097,0.5679258363333337,0.6844660171186299,0.5679258363333337,0.6844660171186299,0.5945341148844773,0.5945341148844773,0.5679258363333337,0.5945341148844773,0.6844660171186299,0.5679258363333337,0.5945341148844773,0.5945341148844773
2.0,2.0,2.0,2.0,2.0,2.0,2.0,2.0,2.0,2.0,2.0,2.0,2.0,2.0,2.0,2.0,2.0,2.0,2.0,2.0,2.0,2.0,2.0,2.0,2.0,2.0,2.0,2.0,2.0,2.0,2.0,2.0,2.0,2.0,2.0,2.0,2.0,2.0,2.0,2.0,2.0,2.0,2.0,2.0,2.0,2.0,2.0,2.0,2.0,2.0,2.0,2.0,2.0,2.0,2.0,2.0,2.0,2.0,2.0,2.0,2.0,2.0,2.0,2.0,2.0,2.0,2.0,2.0,2.0,2.0,2.0,2.0,2.0,2.0,2.0,2.0,2.0,2.0,2.0,2.0,2.0,2.0,2.0,2.0,2.0,2.0,2.0,2.0,2.0,2.0,2.0,2.0,2.0,2.0,2.0,2.0,2.0,2.0,2.0,2.0,0.7367693609664925,0.6829603765769086,0.7367693609664925,0.6829603765769086,0.7367693609664925,0.7454485356451601,0.6829603765769086,0.7367693609664925,0.7367693609664925,0.7367693609664925,0.7367693609664925,0.7367693609664925,0.7367693609664925,0.7454485356451601,0.7367693609664925,0.7454485356451601,0.7367693609664925,0.7026388534475299,0.7562168604942461,0.7367693609664925,0.7367693609664925,0.7367693609664925,0.7562168604942461,0.7367693609664925,0.7367693609664925,0.7367693609664925,0.7367693609664925,0.7562168604942461,0.7454485356451601,0.7367693609664925,0.7367693609664925,0.7562168604942461,0.7454485356451601,0.7367693609664925,0.7367693609664925,0.7367693609664925,0.7367693609664925,0.7026388534475299,0.7367693609664925,0.7367693609664925,0.7562168604942461,0.7367693609664925,0.6829603765769086,0.7026388534475299,0.7454485356451601,0.7367693609664925,0.7367693609664925,0.7367693609664925,0.7454485356451601,0.7367693609664925,0.09723731132093238,0.09723731132093238,0.09723731132093238,0.09723731132093238,0.09723731132093238,0.09723731132093238,0.09723731132093238,0.09723731132093238,0.09723731132093238,0.09723731132093238,0.09723731132093238,0.09723731132093238,0.09723731132093238,0.09723731132093238,0.09723731132093238,0.09723731132093238,0.09723731132093238,0.09723731132093238,0.09723731132093238,0.09723731132093238,0.09723731132093238,0.09723731132093238,0.09723731132093238,0.09723731132093238,0.09723731132093238,0.09723731132093238,0.09723731132093238,0.09723731132093238,0.09723731132093238,0.09723731132093238,0.09723731132093238,0.09723731132093238,0.09723731132093238,0.09723731132093238,0.09723731132093238,0.09723731132093238,0.09723731132093238,0.09723731132093238,0.09723731132093238,0.09723731132093238,0.09723731132093238,0.09723731132093238,0.09723731132093238,0.09723731132093238,0.09723731132093238,0.09723731132093238,0.09723731132093238,0.09723731132093238,0.09723731132093238,0.09723731132093238,0.729551646096011,0.6372361977643812,0.729551646096011,0.6372361977643812,0.729551646096011,0.7462188891270234,0.6372361977643812,0.729551646096011,0.729551646096011,0.729551646096011,0.729551646096011,0.729551646096011,0.729551646096011,0.7462188891270234,0.729551646096011,0.7462188891270234,0.729551646096011,0.7106327124558232,0.6932281904936922,0.729551646096011,0.729551646096011,0.729551646096011,0.6932281904936922,0.729551646096011,0.729551646096011,0.729551646096011,0.729551646096011,0.6932281904936922,0.7462188891270234,0.729551646096011,0.729551646096011,0.6932281904936922,0.7462188891270234,0.729551646096011,0.729551646096011,0.729551646096011,0.729551646096011,0.7106327124558232,0.729551646096011,0.729551646096011,0.6932281904936922,0.729551646096011,0.6372361977643812,0.7106327124558232,0.7462188891270234,0.729551646096011,0.729551646096011,0.729551646096011,0.7462188891270234,0.729551646096011,0.5679258363333337,0.5679258363333337,0.5679258363333337,0.5679258363333337,0.5679258363333337,0.5679258363333337,0.5679258363333337,0.5679258363333337,0.5679258363333337,0.5679258363333337,0.5679258363333337,0.5679258363333337,0.5679258363333337,0.5679258363333337,0.5679258363333337,0.5679258363333337,0.5679258363333337,0.5679258363333337,0.5679258363333337,0.5679258363333337,0.5679258363333337,0.5679258363333337,0.5679258363333337,0.5679258363333337,0.5679258363333337,0.5679258363333337,0.5679258363333337,0.5679258363333337,0.5679258363333337,0.5679258363333337,0.5679258363333337,0.5679258363333337,0.5679258363333337,0.5679258363333337,0.5679258363333337,0.5679258363333337,0.5679258363333337,0.5679258363333337,0.5679258363333337,0.5679258363333337,0.5679258363333337,0.5679258363333337,0.5679258363333337,0.5679258363333337,0.5679258363333337,0.5679258363333337,0.5679258363333337,0.5679258363333337,0.5679258363333337,0.5679258363333337
2.0,2.0,2.0,2.0,2.0,2.0,2.0,2.0,2.0,2.0,2.0,2.0,2.0,2.0,2.0,2.0,2.0,2.0,2.0,2.0,2.0,2.0,2.0,2.0,2.0,2.0,2.0,2.0,2.0,2.0,2.0,2.0,2.0,2.0,2.0,2.0,2.0,2.0,2.0,2.0,2.0,2.0,2.0,2.0,2.0,2.0,2.0,2.0,2.0,2.0,2.0,2.0,2.0,2.0,2.0,2.0,2.0,2.0,2.0,2.0,2.0,2.0,2.0,2.0,2.0,2.0,2.0,2.0,2.0,2.0,2.0,2.0,2.0,2.0,2.0,2.0,2.0,2.0,2.0,2.0,2.0,2.0,2.0,2.0,2.0,2.0,2.0,2.0,2.0,2.0,2.0,2.0,2.0,2.0,2.0,2.0,2.0,2.0,2.0,2.0,0.6648099072746214,0.7367693609664925,0.7367693609664925,0.6648099072746214,0.6648099072746214,0.7367693609664925,0.7367693609664925,0.7367693609664925,0.7367693609664925,0.7367693609664925,0.6648099072746214,0.7367693609664925,0.7367693609664925,0.7367693609664925,0.7367693609664925,0.7367693609664925,0.6648099072746214,0.7367693609664925,0.7367693609664925,0.6648099072746214,0.7367693609664925,0.6843997749609704,0.7367693609664925,0.7367693609664925,0.6648099072746214,0.7367693609664925,0.7367693609664925,0.7367693609664925,0.7367693609664925,0.7367693609664925,0.7367693609664925,0.7367693609664925,0.6648099072746214,0.7367693609664925,0.7367693609664925,0.7367693609664925,0.7367693609664925,0.7367693609664925,0.7367693609664925,0.7367693609664925,0.7367693609664925,0.7367693609664925,0.6648099072746214,0.7367693609664925,0.7367693609664925,0.6648099072746214,0.7367693609664925,0.7367693609664925,0.6648099072746214,0.6648099072746214,0.09392094571089736,0.09723731132093238,0.09723731132093238,0.0005359359373241224,0.09392094571089736,0.09723731132093238,0.17704275721386548,0.09723731132093238,0.12179012293533001,0.12179012293533001,0.12179012293533001,0.12179012293533001,0.09723731132093238,0.09723731132093238,0.09723731132093238,0.09392094571089736,0.17704275721386548,0.09392094571089736,0.12179012293533001,0.12179012293533001,0.09723731132093238,0.09723731132093238,0.1237306963536225,0.0005359359373241224,0.1237306963536225,0.17704275721386548,0.09723731132093238,0.09723731132093238,0.09723731132093238,0.07804709490681366,0.09392094571089736,0.12179012293533001,0.09723731132093238,0.09392094571089736,0.09723731132093238,0.0005359359373241224,0.09392094571089736,0.09723731132093238,0.09723731132093238,0.0005359359373241224,0.09723731132093238,0.09392094571089736,0.12179012293533001,0.12179012293533001,0.17704275721386548,0.09723731132093238,0.09723731132093238,0.09723731132093238,0.09723731132093238,0.09723731132093238,0.8322548871830158,0.729551646096011,0.729551646096011,0.8322548871830158,0.8322548871830158,0.729551646096011,0.729551646096011,0.729551646096011,0.729551646096011,0.729551646096011,0.8322548871830158,0.729551646096011,0.729551646096011,0.729551646096011,0.729551646096011,0.729551646096011,0.8322548871830158,0.729551646096011,0.729551646096011,0.8322548871830158,0.729551646096011,0.7650562864045206,0.729551646096011,0.729551646096011,0.8322548871830158,0.729551646096011,0.729551646096011,0.729551646096011,0.729551646096011,0.729551646096011,0.729551646096011,0.729551646096011,0.8322548871830158,0.729551646096011,0.729551646096011,0.729551646096011,0.729551646096011,0.729551646096011,0.729551646096011,0.729551646096011,0.729551646096011,0.729551646096011,0.8322548871830158,0.729551646096011,0.729551646096011,0.8322548871830158,0.729551646096011,0.729551646096011,0.8322548871830158,0.8322548871830158,0.5409074684442028,0.5679258363333337,0.5679258363333337,0.6042914235961201,0.5409074684442028,0.5679258363333337,0.4884797942241953,0.5679258363333337,0.6257899267120597,0.6257899267120597,0.6257899267120597,0.6257899267120597,0.5679258363333337,0.5679258363333337,0.5679258363333337,0.5409074684442028,0.4884797942241953,0.5409074684442028,0.6257899267120597,0.6257899267120597,0.5679258363333337,0.5679258363333337,0.481177034502943,0.6042914235961201,0.481177034502943,0.4884797942241953,0.5679258363333337,0.5679258363333337,0.5679258363333337,0.5201758442600206,0.5409074684442028,0.6257899267120597,0.5679258363333337,0.5409074684442028,0.5679258363333337,0.6042914235961201,0.5409074684442028,0.5679258363333337,0.5679258363333337,0.6042914235961201,0.5679258363333337,0.5409074684442028,0.6257899267120597,0.6257899267120597,0.4884797942241953,0.5679258363333337,0.5679258363333337,0.5679258363333337,0.5679258363333337,0.5679258363333337
2.0,2.0,2.0,2.0,2.0,2.0,2.0,2.0,2.0,2.0,2.0,2.0,2.0,2.0,2.0,2.0,2.0,2.0,2.0,2.0,2.0,2.0,2.0,2.0,2.0,2.0,2.0,2.0,2.0,2.0,2.0,2.0,2.0,2.0,2.0,2.0,2.0,2.0,2.0,2.0,2.0,2.0,2.0,2.0,2.0,2.0,2.0,2.0,2.0,2.0,2.0,2.0,2.0,2.0,2.0,2.0,2.0,2.0,2.0,2.0,2.0,2.0,2.0,2.0,2.0,2.0,2.0,2.0,2.0,2.0,2.0,2.0,2.0,2.0,2.0,2.0,2.0,2.0,2.0,2.0,2.0,2.0,2.0,2.0,2.0,2.0,2.0,2.0,2.0,2.0,2.0,2.0,2.0,2.0,2.0,2.0,2.0,2.0,2.0,2.0,0.7367693609664925,0.7367693609664925,0.8126001696538291,0.9052117940951241,0.8126001696538291,0.8126001696538291,0.6050451550685125,0.8293898381611065,0.5417091946694491,0.7367693609664925,0.7546252889127489,0.7367693609664925,0.8293898381611065,0.6050451550685125,0.7367693609664925,0.8293898381611065,0.7367693609664925,0.7367693609664925,0.5417091946694491,0.7854199738721314,0.6050451550685125,0.6050451550685125,0.7367693609664925,0.7367693609664925,0.7854199738721314,0.7367693609664925,0.7367693609664925,0.7367693609664925,0.8126001696538291,0.9052117940951241,0.7367693609664925,0.7367693609664925,0.7367693609664925,0.6050451550685125,0.7854199738721314,0.6050451550685125,0.5417091946694491,0.7854199738721314,0.7854199738721314,0.7367693609664925,0.5417091946694491,0.9052117940951241,0.8126001696538291,0.7367693609664925,0.7367693609664925,0.9052117940951241,0.7367693609664925,0.7367693609664925,0.8293898381611065,0.6050451550685125,0.17704275721386548,0.09392094571089736,0.09392094571089736,0.09392094571089736,0.17704275721386548,0.17704275721386548,0.09392094571089736,0.09392094571089736,0.17704275721386548,0.09392094571089736,0.17704275721386548,0.17704275721386548,0.09392094571089736,0.09392094571089736,0.09392094571089736,0.09392094571089736,0.17704275721386548,0.09392094571089736,0.17704275721386548,0.17704275721386548,0.17704275721386548,0.09392094571089736,0.17704275721386548,0.09392094571089736,0.15798933931266806,0.09392094571089736,0.09392094571089736,0.17704275721386548,0.09392094571089736,0.17704275721386548,0.09392094571089736,0.09392094571089736,0.09392094571089736,0.17704275721386548,0.17704275721386548,0.17704275721386548,0.09392094571089736,0.15798933931266806,0.09392094571089736,0.09392094571089736,0.09392094571089736,0.17704275721386548,0.09392094571089736,0.17704275721386548,0.17704275721386548,0.09392094571089736,0.17704275721386548,0.15798933931266806,0.17704275721386548,0.09392094571089736,0.729551646096011,0.729551646096011,0.6785033211612354,0.7071501291501664,0.6785033211612354,0.6785033211612354,0.6361861938495906,0.6921123335260292,0.5488827002613067,0.729551646096011,0.7192232923065863,0.729551646096011,0.6921123335260292,0.6361861938495906,0.729551646096011,0.6921123335260292,0.729551646096011,0.729551646096011,0.5488827002613067,0.8085219562373298,0.6361861938495906,0.6361861938495906,0.729551646096011,0.729551646096011,0.8085219562373298,0.729551646096011,0.729551646096011,0.729551646096011,0.6785033211612354,0.7071501291501664,0.729551646096011,0.729551646096011,0.729551646096011,0.6361861938495906,0.8085219562373298,0.6361861938495906,0.5488827002613067,0.8085219562373298,0.8085219562373298,0.729551646096011,0.5488827002613067,0.7071501291501664,0.6785033211612354,0.729551646096011,0.729551646096011,0.7071501291501664,0.729551646096011,0.729551646096011,0.6921123335260292,0.6361861938495906,0.4884797942241953,0.5409074684442028,0.5409074684442028,0.5409074684442028,0.4884797942241953,0.4884797942241953,0.5409074684442028,0.5409074684442028,0.4884797942241953,0.5409074684442028,0.4884797942241953,0.4884797942241953,0.5409074684442028,0.5409074684442028,0.5409074684442028,0.5409074684442028,0.4884797942241953,0.5409074684442028,0.4884797942241953,0.4884797942241953,0.4884797942241953,0.5409074684442028,0.4884797942241953,0.5409074684442028,0.4498448234795396,0.5409074684442028,0.5409074684442028,0.4884797942241953,0.5409074684442028,0.4884797942241953,0.5409074684442028,0.5409074684442028,0.5409074684442028,0.4884797942241953,0.4884797942241953,0.4884797942241953,0.5409074684442028,0.4498448234795396,0.5409074684442028,0.5409074684442028,0.5409074684442028,0.4884797942241953,0.5409074684442028,0.4884797942241953,0.4884797942241953,0.5409074684442028,0.4884797942241953,0.4498448234795396,0.4884797942241953,0.5409074684442028
2.0,2.0,2.0,2.0,2.0,2.0,2.0,2.0,2.0,2.0,2.0,2.0,2.0,2.0,2.0,2.0,2.0,2.0,2.0,2.0,2.0,2.0,2.0,2.0,2.0,2.0,2.0,2.0,2.0,2.0,2.0,2.0,2.0,2.0,2.0,2.0,2.0,2.0,2.0,2.0,2.0,2.0,2.0,2.0,2.0,2.0,2.0,2.0,2.0,2.0,2.0,2.0,2.0,2.0,2.0,2.0,2.0,2.0,2.0,2.0,2.0,2.0,2.0,2.0,2.0,2.0,2.0,2.0,2.0,2.0,2.0,2.0,2.0,2.0,2.0,2.0,2.0,2.0,2.0,2.0,2.0,2.0,2.0,2.0,2.0,2.0,2.0,2.0,2.0,2.0,2.0,2.0,2.0,2.0,2.0,2.0,2.0,2.0,2.0,2.0,0.7367693609664925,0.7367693609664925,0.7367693609664925,0.7367693609664925,0.7367693609664925,0.7367693609664925,0.7367693609664925,0.7367693609664925,0.7367693609664925,0.7367693609664925,0.7367693609664925,0.7367693609664925,0.7367693609664925,0.7367693609664925,0.7367693609664925,0.7367693609664925,0.7367693609664925,0.7367693609664925,0.7367693609664925,0.7367693609664925,0.7367693609664925,0.7367693609664925,0.7367693609664925,0.7367693609664925,0.7367693609664925,0.7367693609664925,0.7367693609664925,0.7367693609664925,0.7367693609664925,0.7367693609664925,0.7367693609664925,0.7367693609664925,0.7367693609664925,0.7367693609664925,0.7367693609664925,0.7367693609664925,0.7367693609664925,0.7820980343823205,0.7367693609664925,0.7367693609664925,0.7367693609664925,0.7367693609664925,0.7367693609664925,0.7367693609664925,0.7367693609664925,0.7367693609664925,0.7367693609664925,0.7367693609664925,0.7367693609664925,0.7367693609664925,0.21538270262365902,0.1718511872428634,0.21538270262365902,0.11243980066179982,0.11243980066179982,0.11243980066179982,0.11243980066179982,0.11243980066179982,0.03217586691167067,0.11243980066179982,0.03217586691167067,0.03217586691167067,0.15079039983144313,0.11243980066179982,0.03217586691167067,0.21538270262365902,0.03217586691167067,0.2230873721762357,0.0,0.11243980066179982,0.2230873721762357,0.03217586691167067,0.11243980066179982,0.2230873721762357,0.11243980066179982,0.11243980066179982,0.03217586691167067,0.2230873721762357,0.2230873721762357,0.03217586691167067,0.11243980066179982,0.15079039983144313,0.2230873721762357,0.1718511872428634,0.11243980066179982,0.03217586691167067,0.11243980066179982,0.15079039983144313,0.03217586691167067,0.2230873721762357,0.11243980066179982,0.2230873721762357,0.2230873721762357,0.11243980066179982,0.11243980066179982,0.11243980066179982,0.11243980066179982,0.11243980066179982,0.21538270262365902,0.21538270262365902,0.729551646096011,0.729551646096011,0.729551646096011,0.729551646096011,0.729551646096011,0.729551646096011,0.729551646096011,0.729551646096011,0.729551646096011,0.729551646096011,0.729551646096011,0.729551646096011,0.729551646096011,0.729551646096011,0.729551646096011,0.729551646096011,0.729551646096011,0.729551646096011,0.729551646096011,0.729551646096011,0.729551646096011,0.729551646096011,0.729551646096011,0.729551646096011,0.729551646096011,0.729551646096011,0.729551646096011,0.729551646096011,0.729551646096011,0.729551646096011,0.729551646096011,0.729551646096011,0.729551646096011,0.729551646096011,0.729551646096011,0.729551646096011,0.729551646096011,0.7402358983073792,0.729551646096011,0.729551646096011,0.729551646096011,0.729551646096011,0.729551646096011,0.729551646096011,0.729551646096011,0.729551646096011,0.729551646096011,0.729551646096011,0.729551646096011,0.729551646096011,0.5995862053304525,0.45713210452393294,0.5995862053304525,0.5209408999634431,0.5209408999634431,0.5209408999634431,0.5209408999634431,0.5209408999634431,0.556784566188343,0.5209408999634431,0.556784566188343,0.556784566188343,0.5010417633255501,0.5209408999634431,0.556784566188343,0.5995862053304525,0.556784566188343,0.6489310735016718,0.5648851161173611,0.5209408999634431,0.6489310735016718,0.556784566188343,0.5209408999634431,0.6489310735016718,0.5209408999634431,0.5209408999634431,0.556784566188343,0.6489310735016718,0.6489310735016718,0.556784566188343,0.5209408999634431,0.5010417633255501,0.6489310735016718,0.45713210452393294,0.5209408999634431,0.556784566188343,0.5209408999634431,0.5010417633255501,0.556784566188343,0.6489310735016718,0.5209408999634431,0.6489310735016718,0.6489310735016718,0.5209408999634431,0.5209408999634431,0.5209408999634431,0.5209408999634431,0.5209408999634431,0.5995862053304525,0.5995862053304525
2.0,2.0,2.0,2.0,2.0,2.0,2.0,2.0,2.0,2.0,2.0,2.0,2.0,2.0,2.0,2.0,2.0,2.0,2.0,2.0,2.0,2.0,2.0,2.0,2.0,2.0,2.0,2.0,2.0,2.0,2.0,2.0,2.0,2.0,2.0,2.0,2.0,2.0,2.0,2.0,2.0,2.0,2.0,2.0,2.0,2.0,2.0,2.0,2.0,2.0,2.0,2.0,2.0,2.0,2.0,2.0,2.0,2.0,2.0,2.0,2.0,2.0,2.0,2.0,2.0,2.0,2.0,2.0,2.0,2.0,2.0,2.0,2.0,2.0,2.0,2.0,2.0,2.0,2.0,2.0,2.0,2.0,2.0,2.0,2.0,2.0,2.0,2.0,2.0,2.0,2.0,2.0,2.0,2.0,2.0,2.0,2.0,2.0,2.0,2.0,0.7367693609664925,0.7587698997724195,0.7367693609664925,0.7587698997724195,0.7367693609664925,0.7367693609664925,0.7367693609664925,0.7367693609664925,0.6365373060122813,0.7367693609664925,0.6365373060122813,0.6365373060122813,0.7367693609664925,0.6365373060122813,0.6365373060122813,0.7367693609664925,0.7587698997724195,0.7367693609664925,0.7587698997724195,0.7587698997724195,0.7367693609664925,0.7367693609664925,0.7367693609664925,0.715318751030076,0.7367693609664925,0.7367693609664925,0.7367693609664925,0.6365373060122813,0.6365373060122813,0.6365373060122813,0.6365373060122813,0.7367693609664925,0.6365373060122813,0.7367693609664925,0.7367693609664925,0.7367693609664925,0.7367693609664925,0.7367693609664925,0.7367693609664925,0.7548334719864421,0.6365373060122813,0.7367693609664925,0.7587698997724195,0.7367693609664925,0.7367693609664925,0.7587698997724195,0.7367693609664925,0.7367693609664925,0.6365373060122813,0.7367693609664925,0.29495522004511726,0.22137455582996848,0.22137455582996848,0.22137455582996848,0.22137455582996848,0.29495522004511726,0.22137455582996848,0.22137455582996848,0.27794878458487093,0.22137455582996848,0.22665792974019608,0.22137455582996848,0.22137455582996848,0.22137455582996848,0.22137455582996848,0.22137455582996848,0.22137455582996848,0.08142028387055994,0.29495522004511726,0.29495522004511726,0.32051716989353146,0.22137455582996848,0.29495522004511726,0.22137455582996848,0.22137455582996848,0.29495522004511726,0.22137455582996848,0.22137455582996848,0.22137455582996848,0.32051716989353146,0.22137455582996848,0.08142028387055994,0.22137455582996848,0.22137455582996848,0.32051716989353146,0.29495522004511726,0.22137455582996848,0.22137455582996848,0.27794878458487093,0.29495522004511726,0.22137455582996848,0.22137455582996848,0.22137455582996848,0.22137455582996848,0.29495522004511726,0.22137455582996848,0.22137455582996848,0.22137455582996848,0.27794878458487093,0.29495522004511726,0.729551646096011,0.7212825981487044,0.729551646096011,0.7212825981487044,0.729551646096011,0.729551646096011,0.729551646096011,0.729551646096011,0.754286290887085,0.729551646096011,0.754286290887085,0.754286290887085,0.729551646096011,0.754286290887085,0.754286290887085,0.729551646096011,0.7212825981487044,0.729551646096011,0.7212825981487044,0.7212825981487044,0.729551646096011,0.729551646096011,0.729551646096011,0.7293606947400515,0.729551646096011,0.729551646096011,0.729551646096011,0.754286290887085,0.754286290887085,0.754286290887085,0.754286290887085,0.729551646096011,0.754286290887085,0.729551646096011,0.729551646096011,0.729551646096011,0.729551646096011,0.729551646096011,0.729551646096011,0.7818507591488597,0.754286290887085,0.729551646096011,0.7212825981487044,0.729551646096011,0.729551646096011,0.7212825981487044,0.729551646096011,0.729551646096011,0.754286290887085,0.729551646096011,0.5615245788374836,0.6038861819040617,0.6038861819040617,0.6038861819040617,0.6038861819040617,0.5615245788374836,0.6038861819040617,0.6038861819040617,0.5590044409740608,0.6038861819040617,0.5837441639503101,0.6038861819040617,0.6038861819040617,0.6038861819040617,0.6038861819040617,0.6038861819040617,0.6038861819040617,0.5421031861959837,0.5615245788374836,0.5615245788374836,0.5333368417856932,0.6038861819040617,0.5615245788374836,0.6038861819040617,0.6038861819040617,0.5615245788374836,0.6038861819040617,0.6038861819040617,0.6038861819040617,0.5333368417856932,0.6038861819040617,0.5421031861959837,0.6038861819040617,0.6038861819040617,0.5333368417856932,0.5615245788374836,0.6038861819040617,0.6038861819040617,0.5590044409740608,0.5615245788374836,0.6038861819040617,0.6038861819040617,0.6038861819040617,0.6038861819040617,0.5615245788374836,0.6038861819040617,0.6038861819040617,0.6038861819040617,0.5590044409740608,0.5615245788374836
2.0,2.0,2.0,2.0,2.0,2.0,2.0,2.0,2.0,2.0,2.0,2.0,2.0,2.0,2.0,2.0,2.0,2.0,2.0,2.0,2.0,2.0,2.0,2.0,2.0,2.0,2.0,2.0,2.0,2.0,2.0,2.0,2.0,2.0,2.0,2.0,2.0,2.0,2.0,2.0,2.0,2.0,2.0,2.0,2.0,2.0,2.0,2.0,2.0,2.0,2.0,2.0,2.0,2.0,2.0,2.0,2.0,2.0,2.0,2.0,2.0,2.0,2.0,2.0,2.0,2.0,2.0,2.0,2.0,2.0,2.0,2.0,2.0,2.0,2.0,2.0,2.0,2.0,2.0,2.0,2.0,2.0,2.0,2.0,2.0,2.0,2.0,2.0,2.0,2.0,2.0,2.0,2.0,2.0,2.0,2.0,2.0,2.0,2.0,2.0,0.8154668962820184,0.8119900592666048,0.7111947092344328,0.8154668962820184,0.7330142456917046,0.7111947092344328,0.8154668962820184,0.7330142456917046,0.8119900592666048,0.7111947092344328,0.7330142456917046,0.8154668962820184,0.8154668962820184,0.7111947092344328,0.7330142456917046,0.7111947092344328,0.7330142456917046,0.8154668962820184,0.8154668962820184,0.8154668962820184,0.8154668962820184,0.8119900592666048,0.8154668962820184,0.7330142456917046,0.7330142456917046,0.8154668962820184,0.932610032434607,0.8154668962820184,0.8154668962820184,0.8154668962820184,0.7330142456917046,0.8119900592666048,0.8154668962820184,0.8154668962820184,0.8154668962820184,0.8119900592666048,0.7330142456917046,0.8154668962820184,0.8154668962820184,0.8154668962820184,0.7330142456917046,0.8154668962820184,0.8119900592666048,0.8154668962820184,0.8154668962820184,0.8154668962820184,0.7111947092344328,0.8154668962820184,0.7054634338922853,0.8119900592666048,0.35632532156426655,0.2979519858372334,0.32051716989353146,0.2979519858372334,0.2979519858372334,0.35632532156426655,0.2979519858372334,0.32963541640595106,0.2979519858372334,0.2979519858372334,0.29495522004511726,0.32963541640595106,0.32051716989353146,0.2979519858372334,0.3756217633937661,0.32051716989353146,0.32963541640595106,0.32051716989353146,0.32051716989353146,0.2979519858372334,0.32051716989353146,0.32051716989353146,0.35632532156426655,0.35632532156426655,0.2979519858372334,0.2979519858372334,0.29495522004511726,0.29495522004511726,0.29495522004511726,0.32051716989353146,0.32051716989353146,0.29495522004511726,0.32051716989353146,0.2979519858372334,0.32051716989353146,0.32051716989353146,0.29495522004511726,0.29495522004511726,0.29495522004511726,0.29495522004511726,0.29495522004511726,0.29495522004511726,0.29495522004511726,0.35632532156426655,0.32963541640595106,0.2979519858372334,0.32963541640595106,0.35632532156426655,0.29495522004511726,0.2979519858372334,0.7424689056828178,0.6982956256010684,0.75218396438766,0.7424689056828178,0.7540453269914855,0.75218396438766,0.7424689056828178,0.7540453269914855,0.6982956256010684,0.75218396438766,0.7540453269914855,0.7424689056828178,0.7424689056828178,0.75218396438766,0.7540453269914855,0.75218396438766,0.7540453269914855,0.7424689056828178,0.7424689056828178,0.7424689056828178,0.7424689056828178,0.6982956256010684,0.7424689056828178,0.7540453269914855,0.7540453269914855,0.7424689056828178,0.6293448057132989,0.7424689056828178,0.7424689056828178,0.7424689056828178,0.7540453269914855,0.6982956256010684,0.7424689056828178,0.7424689056828178,0.7424689056828178,0.6982956256010684,0.7540453269914855,0.7424689056828178,0.7424689056828178,0.7424689056828178,0.7540453269914855,0.7424689056828178,0.6982956256010684,0.7424689056828178,0.7424689056828178,0.7424689056828178,0.75218396438766,0.7424689056828178,0.6875509976105689,0.6982956256010684,0.5836780191456726,0.522078252763437,0.5333368417856932,0.522078252763437,0.522078252763437,0.5836780191456726,0.522078252763437,0.4861741644287553,0.522078252763437,0.522078252763437,0.5615245788374836,0.4861741644287553,0.5333368417856932,0.522078252763437,0.6392638546595724,0.5333368417856932,0.4861741644287553,0.5333368417856932,0.5333368417856932,0.522078252763437,0.5333368417856932,0.5333368417856932,0.5836780191456726,0.5836780191456726,0.522078252763437,0.522078252763437,0.5615245788374836,0.5615245788374836,0.5615245788374836,0.5333368417856932,0.5333368417856932,0.5615245788374836,0.5333368417856932,0.522078252763437,0.5333368417856932,0.5333368417856932,0.5615245788374836,0.5615245788374836,0.5615245788374836,0.5615245788374836,0.5615245788374836,0.5615245788374836,0.5615245788374836,0.5836780191456726,0.4861741644287553,0.522078252763437,0.4861741644287553,0.5836780191456726,0.5615245788374836,0.522078252763437
2.0,2.0,2.0,2.0,2.0,2.0,2.0,2.0,2.0,2.0,2.0,2.0,2.0,2.0,2.0,2.0,2.0,2.0,2.0,2.0,2.0,2.0,2.0,2.0,2.0,2.0,2.0,2.0,2.0,2.0,2.0,2.0,2.0,2.0,2.0,2.0,2.0,2.0,2.0,2.0,2.0,2.0,2.0,2.0,2.0,2.0,2.0,2.0,2.0,2.0,2.0,2.0,2.0,2.0,2.0,2.0,2.0,2.0,2.0,2.0,2.0,2.0,2.0,2.0,2.0,2.0,2.0,2.0,2.0,2.0,2.0,2.0,2.0,2.0,2.0,2.0,2.0,2.0,2.0,2.0,2.0,2.0,2.0,2.0,2.0,2.0,2.0,2.0,2.0,2.0,2.0,2.0,2.0,2.0,2.0,2.0,2.0,2.0,2.0,2.0,0.7289571035404621,0.7615116505966538,0.7289571035404621,0.7273352853618323,0.7615116505966538,0.7289571035404621,0.7289571035404621,0.7719967013308329,0.7289571035404621,0.7289571035404621,0.7615116505966538,0.7719967013308329,0.7289571035404621,0.7719967013308329,0.7289571035404621,0.7289571035404621,0.7289571035404621,0.7615116505966538,0.7615116505966538,0.7289571035404621,0.7615116505966538,0.7289571035404621,0.7719967013308329,0.7289571035404621,0.7719967013308329,0.7615116505966538,0.7615116505966538,0.7289571035404621,0.7289571035404621,0.7289571035404621,0.7289571035404621,0.7289571035404621,0.7289571035404621,0.764658252281518,0.7289571035404621,0.7289571035404621,0.7289571035404621,0.7289571035404621,0.7289571035404621,0.7615116505966538,0.7719967013308329,0.7289571035404621,0.7719967013308329,0.7273352853618323,0.7615116505966538,0.7289571035404621,0.7719967013308329,0.7615116505966538,0.7289571035404621,0.7719967013308329,0.41515293231768974,0.32051716989353146,0.35632532156426655,0.450788191489609,0.450788191489609,0.450788191489609,0.4364727641108793,0.4364727641108793,0.32051716989353146,0.450788191489609,0.450788191489609,0.32051716989353146,0.450788191489609,0.450788191489609,0.32051716989353146,0.450788191489609,0.41515293231768974,0.32051716989353146,0.41515293231768974,0.41515293231768974,0.4364727641108793,0.32051716989353146,0.450788191489609,0.41515293231768974,0.41515293231768974,0.450788191489609,0.4364727641108793,0.35632532156426655,0.41515293231768974,0.450788191489609,0.32051716989353146,0.4364727641108793,0.32051716989353146,0.450788191489609,0.41515293231768974,0.450788191489609,0.32051716989353146,0.32051716989353146,0.32051716989353146,0.32051716989353146,0.32051716989353146,0.32051716989353146,0.450788191489609,0.32051716989353146,0.32051716989353146,0.42133990275059374,0.35632532156426655,0.4364727641108793,0.41515293231768974,0.450788191489609,0.7603978728088452,0.6732131959197609,0.7603978728088452,0.8202915619722461,0.6732131959197609,0.7603978728088452,0.7603978728088452,0.7099575834931218,0.7603978728088452,0.7603978728088452,0.6732131959197609,0.7099575834931218,0.7603978728088452,0.7099575834931218,0.7603978728088452,0.7603978728088452,0.7603978728088452,0.6732131959197609,0.6732131959197609,0.7603978728088452,0.6732131959197609,0.7603978728088452,0.7099575834931218,0.7603978728088452,0.7099575834931218,0.6732131959197609,0.6732131959197609,0.7603978728088452,0.7603978728088452,0.7603978728088452,0.7603978728088452,0.7603978728088452,0.7603978728088452,0.7127733260129236,0.7603978728088452,0.7603978728088452,0.7603978728088452,0.7603978728088452,0.7603978728088452,0.6732131959197609,0.7099575834931218,0.7603978728088452,0.7099575834931218,0.8202915619722461,0.6732131959197609,0.7603978728088452,0.7099575834931218,0.6732131959197609,0.7603978728088452,0.7099575834931218,0.5378328612501615,0.5333368417856932,0.5836780191456726,0.6025586339649405,0.6025586339649405,0.6025586339649405,0.4951367741355472,0.4951367741355472,0.5333368417856932,0.6025586339649405,0.6025586339649405,0.5333368417856932,0.6025586339649405,0.6025586339649405,0.5333368417856932,0.6025586339649405,0.5378328612501615,0.5333368417856932,0.5378328612501615,0.5378328612501615,0.4951367741355472,0.5333368417856932,0.6025586339649405,0.5378328612501615,0.5378328612501615,0.6025586339649405,0.4951367741355472,0.5836780191456726,0.5378328612501615,0.6025586339649405,0.5333368417856932,0.4951367741355472,0.5333368417856932,0.6025586339649405,0.5378328612501615,0.6025586339649405,0.5333368417856932,0.5333368417856932,0.5333368417856932,0.5333368417856932,0.5333368417856932,0.5333368417856932,0.6025586339649405,0.5333368417856932,0.5333368417856932,0.5427661795747459,0.5836780191456726,0.4951367741355472,0.5378328612501615,0.6025586339649405
2.0,2.0,2.0,2.0,2.0,2.0,2.0,2.0,2.0,2.0,2.0,2.0,2.0,2.0,2.0,2.0,2.0,2.0,2.0,2.0,2.0,2.0,2.0,2.0,2.0,2.0,2.0,2.0,2.0,2.0,2.0,2.0,2.0,2.0,2.0,2.0,2.0,2.0,2.0,2.0,2.0,2.0,2.0,2.0,2.0,2.0,2.0,2.0,2.0,2.0,2.0,2.0,2.0,2.0,2.0,2.0,2.0,2.0,2.0,2.0,2.0,2.0,2.0,2.0,2.0,2.0,2.0,2.0,2.0,2.0,2.0,2.0,2.0,2.0,2.0,2.0,2.0,2.0,2.0,2.0,2.0,2.0,2.0,2.0,2.0,2.0,2.0,2.0,2.0,2.0,2.0,2.0,2.0,2.0,2.0,2.0,2.0,2.0,2.0,2.0,0.7475090561200488,0.7719967013308329,0.7719967013308329,0.7719967013308329,0.7719967013308329,0.7719967013308329,0.7719967013308329,0.7719967013308329,0.7719967013308329,0.7719967013308329,0.7475090561200488,0.7719967013308329,0.7719967013308329,0.7719967013308329,0.7719967013308329,0.7719967013308329,0.7719967013308329,0.7719967013308329,0.7719967013308329,0.7719967013308329,0.7719967013308329,0.7719967013308329,0.7719967013308329,0.7719967013308329,0.7719967013308329,0.7719967013308329,0.7719967013308329,0.7719967013308329,0.7719967013308329,0.7719967013308329,0.7719967013308329,0.7719967013308329,0.7475090561200488,0.7719967013308329,0.7719967013308329,0.7719967013308329,0.7719967013308329,0.7475090561200488,0.7719967013308329,0.7719967013308329,0.7719967013308329,0.7719967013308329,0.7719967013308329,0.7719967013308329,0.7719967013308329,0.7719967013308329,0.7719967013308329,0.7719967013308329,0.7719967013308329,0.7719967013308329,0.26513923854066956,0.28022529794007667,0.26513923854066956,0.28022529794007667,0.26513923854066956,0.3218964706763457,0.26513923854066956,0.26513923854066956,0.26513923854066956,0.32051716989353146,0.26513923854066956,0.32051716989353146,0.26513923854066956,0.26513923854066956,0.32051716989353146,0.34396448566283766,0.3218964706763457,0.34396448566283766,0.26513923854066956,0.26513923854066956,0.32051716989353146,0.3218964706763457,0.20618354316924853,0.32051716989353146,0.28022529794007667,0.26513923854066956,0.26513923854066956,0.26513923854066956,0.26513923854066956,0.26513923854066956,0.26513923854066956,0.26513923854066956,0.26513923854066956,0.26513923854066956,0.34396448566283766,0.26513923854066956,0.32051716989353146,0.26513923854066956,0.3218964706763457,0.32051716989353146,0.26513923854066956,0.26513923854066956,0.26513923854066956,0.3218964706763457,0.28022529794007667,0.28022529794007667,0.3218964706763457,0.26513923854066956,0.32051716989353146,0.26513923854066956,0.6866298840488042,0.7099575834931218,0.7099575834931218,0.7099575834931218,0.7099575834931218,0.7099575834931218,0.7099575834931218,0.7099575834931218,0.7099575834931218,0.7099575834931218,0.6866298840488042,0.7099575834931218,0.7099575834931218,0.7099575834931218,0.7099575834931218,0.7099575834931218,0.7099575834931218,0.7099575834931218,0.7099575834931218,0.7099575834931218,0.7099575834931218,0.7099575834931218,0.7099575834931218,0.7099575834931218,0.7099575834931218,0.7099575834931218,0.7099575834931218,0.7099575834931218,0.7099575834931218,0.7099575834931218,0.7099575834931218,0.7099575834931218,0.6866298840488042,0.7099575834931218,0.7099575834931218,0.7099575834931218,0.7099575834931218,0.6866298840488042,0.7099575834931218,0.7099575834931218,0.7099575834931218,0.7099575834931218,0.7099575834931218,0.7099575834931218,0.7099575834931218,0.7099575834931218,0.7099575834931218,0.7099575834931218,0.7099575834931218,0.7099575834931218,0.452989374904578,0.5383290796667384,0.452989374904578,0.5383290796667384,0.452989374904578,0.43657561233285014,0.452989374904578,0.452989374904578,0.452989374904578,0.5333368417856932,0.452989374904578,0.5333368417856932,0.452989374904578,0.452989374904578,0.5333368417856932,0.4603123253282552,0.43657561233285014,0.4603123253282552,0.452989374904578,0.452989374904578,0.5333368417856932,0.43657561233285014,0.4594584319326426,0.5333368417856932,0.5383290796667384,0.452989374904578,0.452989374904578,0.452989374904578,0.452989374904578,0.452989374904578,0.452989374904578,0.452989374904578,0.452989374904578,0.452989374904578,0.4603123253282552,0.452989374904578,0.5333368417856932,0.452989374904578,0.43657561233285014,0.5333368417856932,0.452989374904578,0.452989374904578,0.452989374904578,0.43657561233285014,0.5383290796667384,0.5383290796667384,0.43657561233285014,0.452989374904578,0.5333368417856932,0.452989374904578
2.0,2.0,2.0,2.0,2.0,2.0,2.0,2.0,2.0,2.0,2.0,2.0,2.0,2.0,2.0,2.0,2.0,2.0,2.0,2.0,2.0,2.0,2.0,2.0,2.0,2.0,2.0,2.0,2.0,2.0,2.0,2.0,2.0,2.0,2.0,2.0,2.0,2.0,2.0,2.0,2.0,2.0,2.0,2.0,2.0,2.0,2.0,2.0,2.0,2.0,2.0,2.0,2.0,2.0,2.0,2.0,2.0,2.0,2.0,2.0,2.0,2.0,2.0,2.0,2.0,2.0,2.0,2.0,2.0,2.0,2.0,2.0,2.0,2.0,2.0,2.0,2.0,2.0,2.0,2.0,2.0,2.0,2.0,2.0,2.0,2.0,2.0,2.0,2.0,2.0,2.0,2.0,2.0,2.0,2.0,2.0,2.0,2.0,2.0,2.0,0.7322773725754361,0.7702050042489137,0.7000464733708617,0.7000464733708617,0.7702050042489137,0.7702050042489137,0.7000464733708617,0.7702050042489137,0.7322773725754361,0.7702050042489137,0.7702050042489137,0.7541706145329253,0.7719967013308329,0.8521663905796144,0.7702050042489137,0.7702050042489137,0.8521663905796144,0.6539817926758206,0.7702050042489137,0.7702050042489137,0.7702050042489137,0.6539817926758206,0.7702050042489137,0.7000464733708617,0.7322773725754361,0.7322773725754361,0.7000464733708617,0.7000464733708617,0.7702050042489137,0.7322773725754361,0.7702050042489137,0.7702050042489137,0.7322773725754361,0.7702050042489137,0.7702050042489137,0.7702050042489137,0.7702050042489137,0.8521663905796144,0.7322773725754361,0.7322773725754361,0.7322773725754361,0.7702050042489137,0.7000464733708617,0.7000464733708617,0.7702050042489137,0.7322773725754361,0.7702050042489137,0.7702050042489137,0.7000464733708617,0.7702050042489137,0.2127896526138123,0.3438564418341002,0.40795262603315624,0.22582190489031936,0.3438564418341002,0.3464541108858474,0.2127896526138123,0.3464541108858474,0.22582190489031936,0.3464541108858474,0.22582190489031936,0.2127896526138123,0.3438564418341002,0.41353344049246343,0.33418884158236356,0.41353344049246343,0.3464541108858474,0.2127896526138123,0.3438564418341002,0.41353344049246343,0.3438564418341002,0.40795262603315624,0.11849187758893051,0.40795262603315624,0.40795262603315624,0.3438564418341002,0.3464541108858474,0.3464541108858474,0.3464541108858474,0.3438564418341002,0.40795262603315624,0.40795262603315624,0.22582190489031936,0.22582190489031936,0.3464541108858474,0.2127896526138123,0.33418884158236356,0.2127896526138123,0.3438564418341002,0.33418884158236356,0.2127896526138123,0.11849187758893051,0.41353344049246343,0.3438564418341002,0.40795262603315624,0.40795262603315624,0.2127896526138123,0.3464541108858474,0.3438564418341002,0.41353344049246343,0.702854064851999,0.7384113849401932,0.8010311136886393,0.8010311136886393,0.7384113849401932,0.7384113849401932,0.8010311136886393,0.7384113849401932,0.702854064851999,0.7384113849401932,0.7384113849401932,0.6867869426116913,0.7099575834931218,0.677559390151328,0.7384113849401932,0.7384113849401932,0.677559390151328,0.6554192370103449,0.7384113849401932,0.7384113849401932,0.7384113849401932,0.6554192370103449,0.7384113849401932,0.8010311136886393,0.702854064851999,0.702854064851999,0.8010311136886393,0.8010311136886393,0.7384113849401932,0.702854064851999,0.7384113849401932,0.7384113849401932,0.702854064851999,0.7384113849401932,0.7384113849401932,0.7384113849401932,0.7384113849401932,0.677559390151328,0.702854064851999,0.702854064851999,0.702854064851999,0.7384113849401932,0.8010311136886393,0.8010311136886393,0.7384113849401932,0.702854064851999,0.7384113849401932,0.7384113849401932,0.8010311136886393,0.7384113849401932,0.5003478499673496,0.4639215530081443,0.5601593180657257,0.5430050515231426,0.4639215530081443,0.4551835076051575,0.5003478499673496,0.4551835076051575,0.5430050515231426,0.4551835076051575,0.5430050515231426,0.5003478499673496,0.4639215530081443,0.4748683188787963,0.4622061250873708,0.4748683188787963,0.4551835076051575,0.5003478499673496,0.4639215530081443,0.4748683188787963,0.4639215530081443,0.5601593180657257,0.49395443542185347,0.5601593180657257,0.5601593180657257,0.4639215530081443,0.4551835076051575,0.4551835076051575,0.4551835076051575,0.4639215530081443,0.5601593180657257,0.5601593180657257,0.5430050515231426,0.5430050515231426,0.4551835076051575,0.5003478499673496,0.4622061250873708,0.5003478499673496,0.4639215530081443,0.4622061250873708,0.5003478499673496,0.49395443542185347,0.4748683188787963,0.4639215530081443,0.5601593180657257,0.5601593180657257,0.5003478499673496,0.4551835076051575,0.4639215530081443,0.4748683188787963
2.0,2.0,2.0,2.0,2.0,2.0,2.0,2.0,2.0,2.0,2.0,2.0,2.0,2.0,2.0,2.0,2.0,2.0,2.0,2.0,2.0,2.0,2.0,2.0,2.0,2.0,2.0,2.0,2.0,2.0,2.0,2.0,2.0,2.0,2.0,2.0,2.0,2.0,2.0,2.0,2.0,2.0,2.0,2.0,2.0,2.0,2.0,2.0,2.0,2.0,2.0,2.0,2.0,2.0,2.0,2.0,2.0,2.0,2.0,2.0,2.0,2.0,2.0,2.0,2.0,2.0,2.0,2.0,2.0,2.0,2.0,2.0,2.0,2.0,2.0,2.0,2.0,2.0,2.0,2.0,2.0,2.0,2.0,2.0,2.0,2.0,2.0,2.0,2.0,2.0,2.0,2.0,2.0,2.0,2.0,2.0,2.0,2.0,2.0,2.0,0.8442751876847344,0.7148071092498888,0.7148071092498888,0.7148071092498888,0.8442751876847344,0.7148071092498888,0.7148071092498888,0.7148071092498888,0.7148071092498888,0.7148071092498888,0.7148071092498888,0.8442751876847344,0.7148071092498888,0.8202474124912832,0.8202474124912832,0.8442751876847344,0.9041777950262578,0.7148071092498888,0.7148071092498888,0.7148071092498888,0.7148071092498888,0.7148071092498888,0.7148071092498888,0.8202474124912832,0.7006298776773219,0.7148071092498888,0.8442751876847344,0.7148071092498888,0.8202474124912832,0.7148071092498888,0.7148071092498888,0.8202474124912832,0.8442751876847344,0.8442751876847344,0.8442751876847344,0.7148071092498888,0.8202474124912832,0.7148071092498888,0.8442751876847344,0.7148071092498888,0.8202474124912832,0.7148071092498888,0.7148071092498888,0.8202474124912832,0.8442751876847344,0.7148071092498888,0.8442751876847344,0.7148071092498888,0.8442751876847344,0.8202474124912832,0.3438564418341002,0.31632403418780225,0.31632403418780225,0.2633592998542732,0.31632403418780225,0.31632403418780225,0.31632403418780225,0.31632403418780225,0.2311188657896624,0.31632403418780225,0.31632403418780225,0.31632403418780225,0.2311188657896624,0.31632403418780225,0.3438564418341002,0.31632403418780225,0.3438564418341002,0.3438564418341002,0.31632403418780225,0.31632403418780225,0.31632403418780225,0.2633592998542732,0.31632403418780225,0.31632403418780225,0.3438564418341002,0.31632403418780225,0.31632403418780225,0.31632403418780225,0.31632403418780225,0.3562008193617696,0.31632403418780225,0.31632403418780225,0.31632403418780225,0.31632403418780225,0.2633592998542732,0.31632403418780225,0.31632403418780225,0.2633592998542732,0.31632403418780225,0.2311188657896624,0.31632403418780225,0.2633592998542732,0.31632403418780225,0.3438564418341002,0.31632403418780225,0.2311188657896624,0.31632403418780225,0.31632403418780225,0.2311188657896624,0.31632403418780225,0.7138022590308204,0.8247121749195016,0.8247121749195016,0.8247121749195016,0.7138022590308204,0.8247121749195016,0.8247121749195016,0.8247121749195016,0.8247121749195016,0.8247121749195016,0.8247121749195016,0.7138022590308204,0.8247121749195016,0.7429797160899673,0.7429797160899673,0.7138022590308204,0.685168506630171,0.8247121749195016,0.8247121749195016,0.8247121749195016,0.8247121749195016,0.8247121749195016,0.8247121749195016,0.7429797160899673,0.7644603098858889,0.8247121749195016,0.7138022590308204,0.8247121749195016,0.7429797160899673,0.8247121749195016,0.8247121749195016,0.7429797160899673,0.7138022590308204,0.7138022590308204,0.7138022590308204,0.8247121749195016,0.7429797160899673,0.8247121749195016,0.7138022590308204,0.8247121749195016,0.7429797160899673,0.8247121749195016,0.8247121749195016,0.7429797160899673,0.7138022590308204,0.8247121749195016,0.7138022590308204,0.8247121749195016,0.7138022590308204,0.7429797160899673,0.4639215530081443,0.4685010156916851,0.4685010156916851,0.42153207585804536,0.4685010156916851,0.4685010156916851,0.4685010156916851,0.4685010156916851,0.48534279575648126,0.4685010156916851,0.4685010156916851,0.4685010156916851,0.48534279575648126,0.4685010156916851,0.4639215530081443,0.4685010156916851,0.4639215530081443,0.4639215530081443,0.4685010156916851,0.4685010156916851,0.4685010156916851,0.42153207585804536,0.4685010156916851,0.4685010156916851,0.4639215530081443,0.4685010156916851,0.4685010156916851,0.4685010156916851,0.4685010156916851,0.39369679592596896,0.4685010156916851,0.4685010156916851,0.4685010156916851,0.4685010156916851,0.42153207585804536,0.4685010156916851,0.4685010156916851,0.42153207585804536,0.4685010156916851,0.48534279575648126,0.4685010156916851,0.42153207585804536,0.4685010156916851,0.4639215530081443,0.4685010156916851,0.48534279575648126,0.4685010156916851,0.4685010156916851,0.48534279575648126,0.4685010156916851
2.0,2.0,2.0,2.0,2.0,2.0,2.0,2.0,2.0,2.0,2.0,2.0,2.0,2.0,2.0,2.0,2.0,2.0,2.0,2.0,2.0,2.0,2.0,2.0,2.0,2.0,2.0,2.0,2.0,2.0,2.0,2.0,2.0,2.0,2.0,2.0,2.0,2.0,2.0,2.0,2.0,2.0,2.0,2.0,2.0,2.0,2.0,2.0,2.0,2.0,2.0,2.0,2.0,2.0,2.0,2.0,2.0,2.0,2.0,2.0,2.0,2.0,2.0,2.0,2.0,2.0,2.0,2.0,2.0,2.0,2.0,2.0,2.0,2.0,2.0,2.0,2.0,2.0,2.0,2.0,2.0,2.0,2.0,2.0,2.0,2.0,2.0,2.0,2.0,2.0,2.0,2.0,2.0,2.0,2.0,2.0,2.0,2.0,2.0,2.0,0.8310097445248898,0.7581816158798307,0.8390658744368081,0.8390658744368081,0.8310097445248898,0.8315987137374202,0.8310097445248898,0.8442751876847344,0.8315987137374202,0.8564359580825561,0.7581816158798307,0.7581816158798307,0.8310097445248898,0.8310097445248898,0.8318781520718044,0.8315987137374202,0.8390658744368081,0.8310097445248898,0.8315987137374202,0.7581816158798307,0.8310097445248898,0.8412992654850885,0.8310097445248898,0.8315987137374202,0.8310097445248898,0.8310097445248898,0.8315987137374202,0.8390658744368081,0.8442751876847344,0.8442751876847344,0.8310097445248898,0.8315987137374202,0.8315987137374202,0.8310097445248898,0.8310097445248898,0.8390658744368081,0.8442751876847344,0.8442751876847344,0.8315987137374202,0.8310097445248898,0.8310097445248898,0.8310097445248898,0.8310097445248898,0.8310097445248898,0.7581816158798307,0.8310097445248898,0.8442751876847344,0.8310097445248898,0.8315987137374202,0.8390658744368081,0.31632403418780225,0.31632403418780225,0.31632403418780225,0.31632403418780225,0.31632403418780225,0.31632403418780225,0.31632403418780225,0.31632403418780225,0.31632403418780225,0.31632403418780225,0.31632403418780225,0.31632403418780225,0.31632403418780225,0.31632403418780225,0.31632403418780225,0.31632403418780225,0.31632403418780225,0.31632403418780225,0.31632403418780225,0.31632403418780225,0.31632403418780225,0.31632403418780225,0.31632403418780225,0.31632403418780225,0.31632403418780225,0.31632403418780225,0.31632403418780225,0.31632403418780225,0.31632403418780225,0.31632403418780225,0.31632403418780225,0.31632403418780225,0.31632403418780225,0.31632403418780225,0.31632403418780225,0.31632403418780225,0.31632403418780225,0.31632403418780225,0.31632403418780225,0.31632403418780225,0.31632403418780225,0.31632403418780225,0.31632403418780225,0.33036316918428066,0.31632403418780225,0.31632403418780225,0.31632403418780225,0.31632403418780225,0.31632403418780225,0.31632403418780225,0.5827777192833018,0.8724149775243565,0.7485949970582897,0.7485949970582897,0.5827777192833018,0.6402865035325908,0.5827777192833018,0.7138022590308204,0.6402865035325908,0.511860813842301,0.8724149775243565,0.8724149775243565,0.5827777192833018,0.5827777192833018,0.7021686395147039,0.6402865035325908,0.7485949970582897,0.5827777192833018,0.6402865035325908,0.8724149775243565,0.5827777192833018,0.8526982344232105,0.5827777192833018,0.6402865035325908,0.5827777192833018,0.5827777192833018,0.6402865035325908,0.7485949970582897,0.7138022590308204,0.7138022590308204,0.5827777192833018,0.6402865035325908,0.6402865035325908,0.5827777192833018,0.5827777192833018,0.7485949970582897,0.7138022590308204,0.7138022590308204,0.6402865035325908,0.5827777192833018,0.5827777192833018,0.5827777192833018,0.5827777192833018,0.5827777192833018,0.8724149775243565,0.5827777192833018,0.7138022590308204,0.5827777192833018,0.6402865035325908,0.7485949970582897,0.4685010156916851,0.4685010156916851,0.4685010156916851,0.4685010156916851,0.4685010156916851,0.4685010156916851,0.4685010156916851,0.4685010156916851,0.4685010156916851,0.4685010156916851,0.4685010156916851,0.4685010156916851,0.4685010156916851,0.4685010156916851,0.4685010156916851,0.4685010156916851,0.4685010156916851,0.4685010156916851,0.4685010156916851,0.4685010156916851,0.4685010156916851,0.4685010156916851,0.4685010156916851,0.4685010156916851,0.4685010156916851,0.4685010156916851,0.4685010156916851,0.4685010156916851,0.4685010156916851,0.4685010156916851,0.4685010156916851,0.4685010156916851,0.4685010156916851,0.4685010156916851,0.4685010156916851,0.4685010156916851,0.4685010156916851,0.4685010156916851,0.4685010156916851,0.4685010156916851,0.4685010156916851,0.4685010156916851,0.4685010156916851,0.4849909606891557,0.4685010156916851,0.4685010156916851,0.4685010156916851,0.4685010156916851,0.4685010156916851,0.4685010156916851
2.0,2.0,2.0,2.0,2.0,2.0,2.0,2.0,2.0,2.0,2.0,2.0,2.0,2.0,2.0,2.0,2.0,2.0,2.0,2.0,2.0,2.0,2.0,2.0,2.0,2.0,2.0,2.0,2.0,2.0,2.0,2.0,2.0,2.0,2.0,2.0,2.0,2.0,2.0,2.0,2.0,2.0,2.0,2.0,2.0,2.0,2.0,2.0,2.0,2.0,2.0,2.0,2.0,2.0,2.0,2.0,2.0,2.0,2.0,2.0,2.0,2.0,2.0,2.0,2.0,2.0,2.0,2.0,2.0,2.0,2.0,2.0,2.0,2.0,2.0,2.0,2.0,2.0,2.0,2.0,2.0,2.0,2.0,2.0,2.0,2.0,2.0,2.0,2.0,2.0,2.0,2.0,2.0,2.0,2.0,2.0,2.0,2.0,2.0,2.0,0.8412992654850885,0.8412992654850885,0.8412992654850885,0.8412992654850885,0.8412992654850885,0.8412992654850885,0.8496558496168826,0.8412992654850885,0.8412992654850885,0.8412992654850885,0.8496558496168826,0.8412992654850885,0.8412992654850885,0.8412992654850885,0.8496558496168826,0.8412992654850885,0.8412992654850885,0.8412992654850885,0.8412992654850885,0.8412992654850885,0.8412992654850885,0.8412992654850885,0.8412992654850885,0.8412992654850885,0.8412992654850885,0.8496558496168826,0.8412992654850885,0.8412992654850885,0.8412992654850885,0.8496558496168826,0.8412992654850885,0.8412992654850885,0.8412992654850885,0.8412992654850885,0.8412992654850885,0.8412992654850885,0.8412992654850885,0.8412992654850885,0.8412992654850885,0.8412992654850885,0.8916843499228002,0.8412992654850885,0.8412992654850885,0.8496558496168826,0.8412992654850885,0.8412992654850885,0.8412992654850885,0.8412992654850885,0.8412992654850885,0.8412992654850885,0.31967652549700193,0.29476597459484943,0.31967652549700193,0.31967652549700193,0.31967652549700193,0.29476597459484943,0.31967652549700193,0.29476597459484943,0.29476597459484943,0.31967652549700193,0.31967652549700193,0.31967652549700193,0.29476597459484943,0.31967652549700193,0.31967652549700193,0.31967652549700193,0.31967652549700193,0.31967652549700193,0.31967652549700193,0.29476597459484943,0.31967652549700193,0.31967652549700193,0.31967652549700193,0.29476597459484943,0.31967652549700193,0.29476597459484943,0.29476597459484943,0.31967652549700193,0.29476597459484943,0.31967652549700193,0.31967652549700193,0.31967652549700193,0.31967652549700193,0.31967652549700193,0.31967652549700193,0.31967652549700193,0.31967652549700193,0.31967652549700193,0.29476597459484943,0.31967652549700193,0.31967652549700193,0.31967652549700193,0.31967652549700193,0.29476597459484943,0.29476597459484943,0.29476597459484943,0.29476597459484943,0.31967652549700193,0.31967652549700193,0.29476597459484943,0.8526982344232105,0.8526982344232105,0.8526982344232105,0.8526982344232105,0.8526982344232105,0.8526982344232105,0.8783615880719431,0.8526982344232105,0.8526982344232105,0.8526982344232105,0.8783615880719431,0.8526982344232105,0.8526982344232105,0.8526982344232105,0.8783615880719431,0.8526982344232105,0.8526982344232105,0.8526982344232105,0.8526982344232105,0.8526982344232105,0.8526982344232105,0.8526982344232105,0.8526982344232105,0.8526982344232105,0.8526982344232105,0.8783615880719431,0.8526982344232105,0.8526982344232105,0.8526982344232105,0.8783615880719431,0.8526982344232105,0.8526982344232105,0.8526982344232105,0.8526982344232105,0.8526982344232105,0.8526982344232105,0.8526982344232105,0.8526982344232105,0.8526982344232105,0.8526982344232105,0.8345309791115391,0.8526982344232105,0.8526982344232105,0.8783615880719431,0.8526982344232105,0.8526982344232105,0.8526982344232105,0.8526982344232105,0.8526982344232105,0.8526982344232105,0.44060143060638307,0.4691161366538164,0.44060143060638307,0.44060143060638307,0.44060143060638307,0.4691161366538164,0.44060143060638307,0.4691161366538164,0.4691161366538164,0.44060143060638307,0.44060143060638307,0.44060143060638307,0.4691161366538164,0.44060143060638307,0.44060143060638307,0.44060143060638307,0.44060143060638307,0.44060143060638307,0.44060143060638307,0.4691161366538164,0.44060143060638307,0.44060143060638307,0.44060143060638307,0.4691161366538164,0.44060143060638307,0.4691161366538164,0.4691161366538164,0.44060143060638307,0.4691161366538164,0.44060143060638307,0.44060143060638307,0.44060143060638307,0.44060143060638307,0.44060143060638307,0.44060143060638307,0.44060143060638307,0.44060143060638307,0.44060143060638307,0.4691161366538164,0.44060143060638307,0.44060143060638307,0.44060143060638307,0.44060143060638307,0.4691161366538164,0.4691161366538164,0.4691161366538164,0.4691161366538164,0.44060143060638307,0.44060143060638307,0.4691161366538164
2.0,2.0,2.0,2.0,2.0,2.0,2.0,2.0,2.0,2.0,2.0,2.0,2.0,2.0,2.0,2.0,2.0,2.0,2.0,2.0,2.0,2.0,2.0,2.0,2.0,2.0,2.0,2.0,2.0,2.0,2.0,2.0,2.0,2.0,2.0,2.0,2.0,2.0,2.0,2.0,2.0,2.0,2.0,2.0,2.0,2.0,2.0,2.0,2.0,2.0,2.0,2.0,2.0,2.0,2.0,2.0,2.0,2.0,2.0,2.0,2.0,2.0,2.0,2.0,2.0,2.0,2.0,2.0,2.0,2.0,2.0,2.0,2.0,2.0,2.0,2.0,2.0,2.0,2.0,2.0,2.0,2.0,2.0,2.0,2.0,2.0,2.0,2.0,2.0,2.0,2.0,2.0,2.0,2.0,2.0,2.0,2.0,2.0,2.0,2.0,0.8412992654850885,0.8982721213601874,0.8982721213601874,0.7937161870747618,0.8982721213601874,0.8982721213601874,0.8982721213601874,0.8982721213601874,0.8982721213601874,0.8982721213601874,0.8982721213601874,0.8982721213601874,0.8982721213601874,0.8412992654850885,0.8412992654850885,0.8982721213601874,0.8982721213601874,0.8982721213601874,0.8982721213601874,0.8982721213601874,0.8982721213601874,0.8982721213601874,0.8982721213601874,0.8412992654850885,0.8412992654850885,0.8982721213601874,0.8982721213601874,0.8982721213601874,0.8982721213601874,0.8982721213601874,0.8982721213601874,0.8982721213601874,0.8982721213601874,0.8412992654850885,0.8412992654850885,0.8982721213601874,0.8982721213601874,0.8412992654850885,0.8982721213601874,0.8982721213601874,0.8412992654850885,0.8982721213601874,0.8982721213601874,0.8982721213601874,0.8982721213601874,0.8982721213601874,0.8412992654850885,0.8982721213601874,0.8982721213601874,0.8982721213601874,0.3784515194972448,0.31967652549700193,0.31967652549700193,0.31967652549700193,0.3784515194972448,0.31967652549700193,0.31967652549700193,0.31967652549700193,0.31967652549700193,0.29476597459484943,0.31967652549700193,0.3784515194972448,0.29476597459484943,0.29476597459484943,0.29476597459484943,0.3784515194972448,0.31967652549700193,0.3784515194972448,0.31967652549700193,0.31967652549700193,0.31967652549700193,0.31967652549700193,0.29476597459484943,0.29476597459484943,0.3784515194972448,0.3784515194972448,0.31967652549700193,0.3784515194972448,0.29476597459484943,0.3784515194972448,0.3784515194972448,0.31967652549700193,0.3784515194972448,0.3784515194972448,0.31967652549700193,0.29476597459484943,0.29476597459484943,0.31967652549700193,0.3784515194972448,0.23566212347915827,0.31967652549700193,0.31967652549700193,0.30866304668352107,0.3784515194972448,0.3784515194972448,0.28328959289794514,0.3784515194972448,0.3784515194972448,0.23566212347915827,0.31967652549700193,0.8526982344232105,0.7854549685938551,0.7854549685938551,0.8673608273919452,0.7854549685938551,0.7854549685938551,0.7854549685938551,0.7854549685938551,0.7854549685938551,0.7854549685938551,0.7854549685938551,0.7854549685938551,0.7854549685938551,0.8526982344232105,0.8526982344232105,0.7854549685938551,0.7854549685938551,0.7854549685938551,0.7854549685938551,0.7854549685938551,0.7854549685938551,0.7854549685938551,0.7854549685938551,0.8526982344232105,0.8526982344232105,0.7854549685938551,0.7854549685938551,0.7854549685938551,0.7854549685938551,0.7854549685938551,0.7854549685938551,0.7854549685938551,0.7854549685938551,0.8526982344232105,0.8526982344232105,0.7854549685938551,0.7854549685938551,0.8526982344232105,0.7854549685938551,0.7854549685938551,0.8526982344232105,0.7854549685938551,0.7854549685938551,0.7854549685938551,0.7854549685938551,0.7854549685938551,0.8526982344232105,0.7854549685938551,0.7854549685938551,0.7854549685938551,0.4388750362825224,0.44060143060638307,0.44060143060638307,0.44060143060638307,0.4388750362825224,0.44060143060638307,0.44060143060638307,0.44060143060638307,0.44060143060638307,0.4691161366538164,0.44060143060638307,0.4388750362825224,0.4691161366538164,0.4691161366538164,0.4691161366538164,0.4388750362825224,0.44060143060638307,0.4388750362825224,0.44060143060638307,0.44060143060638307,0.44060143060638307,0.44060143060638307,0.4691161366538164,0.4691161366538164,0.4388750362825224,0.4388750362825224,0.44060143060638307,0.4388750362825224,0.4691161366538164,0.4388750362825224,0.4388750362825224,0.44060143060638307,0.4388750362825224,0.4388750362825224,0.44060143060638307,0.4691161366538164,0.4691161366538164,0.44060143060638307,0.4388750362825224,0.4734299695460152,0.44060143060638307,0.44060143060638307,0.4414337964422402,0.4388750362825224,0.4388750362825224,0.4400610244588151,0.4388750362825224,0.4388750362825224,0.4734299695460152,0.44060143060638307
2.0,2.0,2.0,2.0,2.0,2.0,2.0,2.0,2.0,2.0,2.0,2.0,2.0,2.0,2.0,2.0,2.0,2.0,2.0,2.0,2.0,2.0,2.0,2.0,2.0,2.0,2.0,2.0,2.0,2.0,2.0,2.0,2.0,2.0,2.0,2.0,2.0,2.0,2.0,2.0,2.0,2.0,2.0,2.0,2.0,2.0,2.0,2.0,2.0,2.0,2.0,2.0,2.0,2.0,2.0,2.0,2.0,2.0,2.0,2.0,2.0,2.0,2.0,2.0,2.0,2.0,2.0,2.0,2.0,2.0,2.0,2.0,2.0,2.0,2.0,2.0,2.0,2.0,2.0,2.0,2.0,2.0,2.0,2.0,2.0,2.0,2.0,2.0,2.0,2.0,2.0,2.0,2.0,2.0,2.0,2.0,2.0,2.0,2.0,2.0,0.7332493058910681,0.7332493058910681,0.8095154202579754,0.8095154202579754,0.8095154202579754,0.8095154202579754,0.8095154202579754,0.8095154202579754,0.8095154202579754,0.7886596336101186,0.8095154202579754,0.8095154202579754,0.8095154202579754,0.7332493058910681,0.7332493058910681,0.8095154202579754,0.8043461215439321,0.8095154202579754,0.8095154202579754,0.8095154202579754,0.8095154202579754,0.7886596336101186,0.8095154202579754,0.8095154202579754,0.8095154202579754,0.7332493058910681,0.7886596336101186,0.8095154202579754,0.8095154202579754,0.7332493058910681,0.8095154202579754,0.8095154202579754,0.8095154202579754,0.7332493058910681,0.8095154202579754,0.7886596336101186,0.8095154202579754,0.7332493058910681,0.8095154202579754,0.8095154202579754,0.8043461215439321,0.8095154202579754,0.8095154202579754,0.8095154202579754,0.8095154202579754,0.8095154202579754,0.8095154202579754,0.7886596336101186,0.8095154202579754,0.8095154202579754,0.31967652549700193,0.3784515194972448,0.31967652549700193,0.31967652549700193,0.31967652549700193,0.30459430136740284,0.31967652549700193,0.31967652549700193,0.30459430136740284,0.3784515194972448,0.31967652549700193,0.31967652549700193,0.31967652549700193,0.3784515194972448,0.3784515194972448,0.21654860571805704,0.31967652549700193,0.3784515194972448,0.30459430136740284,0.31967652549700193,0.30459430136740284,0.3784515194972448,0.31967652549700193,0.31967652549700193,0.30459430136740284,0.31967652549700193,0.31967652549700193,0.31967652549700193,0.31967652549700193,0.31967652549700193,0.31967652549700193,0.3784515194972448,0.31967652549700193,0.31967652549700193,0.3784515194972448,0.31967652549700193,0.30459430136740284,0.31967652549700193,0.31967652549700193,0.30459430136740284,0.3784515194972448,0.30459430136740284,0.31967652549700193,0.30459430136740284,0.31967652549700193,0.31967652549700193,0.21654860571805704,0.3784515194972448,0.3784515194972448,0.31967652549700193,0.8066079351561303,0.8066079351561303,0.7790948549077171,0.7790948549077171,0.7790948549077171,0.7790948549077171,0.7790948549077171,0.7790948549077171,0.7790948549077171,0.8138133761706765,0.7790948549077171,0.7790948549077171,0.7790948549077171,0.8066079351561303,0.8066079351561303,0.7790948549077171,0.8449656540558207,0.7790948549077171,0.7790948549077171,0.7790948549077171,0.7790948549077171,0.8138133761706765,0.7790948549077171,0.7790948549077171,0.7790948549077171,0.8066079351561303,0.8138133761706765,0.7790948549077171,0.7790948549077171,0.8066079351561303,0.7790948549077171,0.7790948549077171,0.7790948549077171,0.8066079351561303,0.7790948549077171,0.8138133761706765,0.7790948549077171,0.8066079351561303,0.7790948549077171,0.7790948549077171,0.8449656540558207,0.7790948549077171,0.7790948549077171,0.7790948549077171,0.7790948549077171,0.7790948549077171,0.7790948549077171,0.8138133761706765,0.7790948549077171,0.7790948549077171,0.44060143060638307,0.4388750362825224,0.44060143060638307,0.44060143060638307,0.44060143060638307,0.4481625306604046,0.44060143060638307,0.44060143060638307,0.4481625306604046,0.4388750362825224,0.44060143060638307,0.44060143060638307,0.44060143060638307,0.4388750362825224,0.4388750362825224,0.4867264878611878,0.44060143060638307,0.4388750362825224,0.4481625306604046,0.44060143060638307,0.4481625306604046,0.4388750362825224,0.44060143060638307,0.44060143060638307,0.4481625306604046,0.44060143060638307,0.44060143060638307,0.44060143060638307,0.44060143060638307,0.44060143060638307,0.44060143060638307,0.4388750362825224,0.44060143060638307,0.44060143060638307,0.4388750362825224,0.44060143060638307,0.4481625306604046,0.44060143060638307,0.44060143060638307,0.4481625306604046,0.4388750362825224,0.4481625306604046,0.44060143060638307,0.4481625306604046,0.44060143060638307,0.44060143060638307,0.4867264878611878,0.4388750362825224,0.4388750362825224,0.44060143060638307
2.0,2.0,2.0,2.0,2.0,2.0,2.0,2.0,2.0,2.0,2.0,2.0,2.0,2.0,2.0,2.0,2.0,2.0,2.0,2.0,2.0,2.0,2.0,2.0,2.0,2.0,2.0,2.0,2.0,2.0,2.0,2.0,2.0,2.0,2.0,2.0,2.0,2.0,2.0,2.0,2.0,2.0,2.0,2.0,2.0,2.0,2.0,2.0,2.0,2.0,2.0,2.0,2.0,2.0,2.0,2.0,2.0,2.0,2.0,2.0,2.0,2.0,2.0,2.0,2.0,2.0,2.0,2.0,2.0,2.0,2.0,2.0,2.0,2.0,2.0,2.0,2.0,2.0,2.0,2.0,2.0,2.0,2.0,2.0,2.0,2.0,2.0,2.0,2.0,2.0,2.0,2.0,2.0,2.0,2.0,2.0,2.0,2.0,2.0,2.0,0.778222436755529,0.8095154202579754,0.9196154802143688,0.7665646386837683,0.9199031597981815,0.9233154693379662,0.9196154802143688,0.9199031597981815,0.9199031597981815,0.9199031597981815,0.9199031597981815,0.9199031597981815,0.9199031597981815,0.778222436755529,0.9196154802143688,0.8095154202579754,0.778222436755529,0.9199031597981815,0.9190039655282773,0.8095154202579754,0.9199031597981815,0.8095154202579754,0.9199031597981815,0.778222436755529,0.778222436755529,0.778222436755529,0.6960645511437379,0.9196154802143688,0.7665646386837683,0.9199031597981815,0.8095154202579754,0.778222436755529,0.8095154202579754,0.9199031597981815,0.9199031597981815,0.9199031597981815,0.778222436755529,0.9199031597981815,0.9196154802143688,0.7665646386837683,0.9199031597981815,0.9199031597981815,0.9199031597981815,0.9199031597981815,0.8095154202579754,0.8095154202579754,0.9199031597981815,0.778222436755529,0.778222436755529,0.9190039655282773,0.3909709888325398,0.3412731820404701,0.3412731820404701,0.41792014004995626,0.3909709888325398,0.3909709888325398,0.3909709888325398,0.3412731820404701,0.3909709888325398,0.3909709888325398,0.3412731820404701,0.3909709888325398,0.3909709888325398,0.41792014004995626,0.3412731820404701,0.3909709888325398,0.3909709888325398,0.3412731820404701,0.3412731820404701,0.3412731820404701,0.3784515194972448,0.3909709888325398,0.41792014004995626,0.41792014004995626,0.3909709888325398,0.3412731820404701,0.3909709888325398,0.3909709888325398,0.3909709888325398,0.3909709888325398,0.3909709888325398,0.3412731820404701,0.3909709888325398,0.3412731820404701,0.3412731820404701,0.3784515194972448,0.3412731820404701,0.41792014004995626,0.3412731820404701,0.3412731820404701,0.3909709888325398,0.3909709888325398,0.3784515194972448,0.3909709888325398,0.3412731820404701,0.3412731820404701,0.3909709888325398,0.3909709888325398,0.3909709888325398,0.3909709888325398,0.8231697734458994,0.7790948549077171,0.8062836142098277,0.8141234218712717,0.7554712250805032,0.8249737463556124,0.8062836142098277,0.7554712250805032,0.7554712250805032,0.7554712250805032,0.7554712250805032,0.7554712250805032,0.7554712250805032,0.8231697734458994,0.8062836142098277,0.7790948549077171,0.8231697734458994,0.7554712250805032,0.7466357383203034,0.7790948549077171,0.7554712250805032,0.7790948549077171,0.7554712250805032,0.8231697734458994,0.8231697734458994,0.8231697734458994,0.780436786882092,0.8062836142098277,0.8141234218712717,0.7554712250805032,0.7790948549077171,0.8231697734458994,0.7790948549077171,0.7554712250805032,0.7554712250805032,0.7554712250805032,0.8231697734458994,0.7554712250805032,0.8062836142098277,0.8141234218712717,0.7554712250805032,0.7554712250805032,0.7554712250805032,0.7554712250805032,0.7790948549077171,0.7790948549077171,0.7554712250805032,0.8231697734458994,0.8231697734458994,0.7466357383203034,0.4601103680170353,0.3538248404576701,0.3538248404576701,0.48882599191177545,0.4601103680170353,0.4601103680170353,0.4601103680170353,0.3538248404576701,0.4601103680170353,0.4601103680170353,0.3538248404576701,0.4601103680170353,0.4601103680170353,0.48882599191177545,0.3538248404576701,0.4601103680170353,0.4601103680170353,0.3538248404576701,0.3538248404576701,0.3538248404576701,0.4388750362825224,0.4601103680170353,0.48882599191177545,0.48882599191177545,0.4601103680170353,0.3538248404576701,0.4601103680170353,0.4601103680170353,0.4601103680170353,0.4601103680170353,0.4601103680170353,0.3538248404576701,0.4601103680170353,0.3538248404576701,0.3538248404576701,0.4388750362825224,0.3538248404576701,0.48882599191177545,0.3538248404576701,0.3538248404576701,0.4601103680170353,0.4601103680170353,0.4388750362825224,0.4601103680170353,0.3538248404576701,0.3538248404576701,0.4601103680170353,0.4601103680170353,0.4601103680170353,0.4601103680170353
2.0,2.0,2.0,2.0,2.0,2.0,2.0,2.0,2.0,2.0,2.0,2.0,2.0,2.0,2.0,2.0,2.0,2.0,2.0,2.0,2.0,2.0,2.0,2.0,2.0,2.0,2.0,2.0,2.0,2.0,2.0,2.0,2.0,2.0,2.0,2.0,2.0,2.0,2.0,2.0,2.0,2.0,2.0,2.0,2.0,2.0,2.0,2.0,2.0,2.0,2.0,2.0,2.0,2.0,2.0,2.0,2.0,2.0,2.0,2.0,2.0,2.0,2.0,2.0,2.0,2.0,2.0,2.0,2.0,2.0,2.0,2.0,2.0,2.0,2.0,2.0,2.0,2.0,2.0,2.0,2.0,2.0,2.0,2.0,2.0,2.0,2.0,2.0,2.0,2.0,2.0,2.0,2.0,2.0,2.0,2.0,2.0,2.0,2.0,2.0,0.9199031597981815,0.9199031597981815,0.891615308240512,0.9199031597981815,0.891615308240512,0.9199031597981815,0.9199031597981815,0.9199031597981815,0.9199031597981815,0.9199031597981815,0.9199031597981815,0.9199031597981815,0.8633529707716217,0.9199031597981815,0.9199031597981815,0.9199031597981815,0.9199031597981815,0.891615308240512,0.9199031597981815,0.9199031597981815,0.9440013126574138,0.9199031597981815,0.9199031597981815,0.9199031597981815,0.9199031597981815,0.9199031597981815,0.9199031597981815,0.9405552658864209,0.9199031597981815,0.9199031597981815,0.9199031597981815,0.9199031597981815,0.9199031597981815,0.9199031597981815,0.9199031597981815,0.9405552658864209,0.9199031597981815,0.9405552658864209,0.9199031597981815,0.8633529707716217,0.9555893449236027,0.9199031597981815,0.9199031597981815,0.9199031597981815,0.9199031597981815,0.9199031597981815,0.9199031597981815,0.9199031597981815,0.9199031597981815,0.9199031597981815,0.4611042419156192,0.49872598950270647,0.4611042419156192,0.49872598950270647,0.49872598950270647,0.4611042419156192,0.4611042419156192,0.4611042419156192,0.4611042419156192,0.4611042419156192,0.4611042419156192,0.4611042419156192,0.4611042419156192,0.49872598950270647,0.4611042419156192,0.49872598950270647,0.4611042419156192,0.4611042419156192,0.49872598950270647,0.49872598950270647,0.49872598950270647,0.4611042419156192,0.4611042419156192,0.49872598950270647,0.4611042419156192,0.4611042419156192,0.5367731432922812,0.49872598950270647,0.4611042419156192,0.4611042419156192,0.4611042419156192,0.4611042419156192,0.49872598950270647,0.4611042419156192,0.4611042419156192,0.49872598950270647,0.4611042419156192,0.4611042419156192,0.4611042419156192,0.4611042419156192,0.4611042419156192,0.4611042419156192,0.49872598950270647,0.4611042419156192,0.4611042419156192,0.4611042419156192,0.49872598950270647,0.4611042419156192,0.4611042419156192,0.4611042419156192,0.7554712250805032,0.7554712250805032,0.7291905139686504,0.7554712250805032,0.7291905139686504,0.7554712250805032,0.7554712250805032,0.7554712250805032,0.7554712250805032,0.7554712250805032,0.7554712250805032,0.7554712250805032,0.735966628802634,0.7554712250805032,0.7554712250805032,0.7554712250805032,0.7554712250805032,0.7291905139686504,0.7554712250805032,0.7554712250805032,0.6397947139656524,0.7554712250805032,0.7554712250805032,0.7554712250805032,0.7554712250805032,0.7554712250805032,0.7554712250805032,0.7587933942380339,0.7554712250805032,0.7554712250805032,0.7554712250805032,0.7554712250805032,0.7554712250805032,0.7554712250805032,0.7554712250805032,0.7587933942380339,0.7554712250805032,0.7587933942380339,0.7554712250805032,0.735966628802634,0.7520636820932395,0.7554712250805032,0.7554712250805032,0.7554712250805032,0.7554712250805032,0.7554712250805032,0.7554712250805032,0.7554712250805032,0.7554712250805032,0.7554712250805032,0.5812649312146662,0.4816079424159134,0.5812649312146662,0.4816079424159134,0.4816079424159134,0.5812649312146662,0.5812649312146662,0.5812649312146662,0.5812649312146662,0.5812649312146662,0.5812649312146662,0.5812649312146662,0.5812649312146662,0.4816079424159134,0.5812649312146662,0.4816079424159134,0.5812649312146662,0.5812649312146662,0.4816079424159134,0.4816079424159134,0.4816079424159134,0.5812649312146662,0.5812649312146662,0.4816079424159134,0.5812649312146662,0.5812649312146662,0.493408093135499,0.4816079424159134,0.5812649312146662,0.5812649312146662,0.5812649312146662,0.5812649312146662,0.4816079424159134,0.5812649312146662,0.5812649312146662,0.4816079424159134,0.5812649312146662,0.5812649312146662,0.5812649312146662,0.5812649312146662,0.5812649312146662,0.5812649312146662,0.4816079424159134,0.5812649312146662,0.5812649312146662,0.5812649312146662,0.4816079424159134,0.5812649312146662,0.5812649312146662,0.5812649312146662
2.0,2.0,2.0,2.0,2.0,2.0,2.0,2.0,2.0,2.0,2.0,2.0,2.0,2.0,2.0,2.0,2.0,2.0,2.0,2.0,2.0,2.0,2.0,2.0,2.0,2.0,2.0,2.0,2.0,2.0,2.0,2.0,2.0,2.0,2.0,2.0,2.0,2.0,2.0,2.0,2.0,2.0,2.0,2.0,2.0,2.0,2.0,2.0,2.0,2.0,2.0,2.0,2.0,2.0,2.0,2.0,2.0,2.0,2.0,2.0,2.0,2.0,2.0,2.0,2.0,2.0,2.0,2.0,2.0,2.0,2.0,2.0,2.0,2.0,2.0,2.0,2.0,2.0,2.0,2.0,2.0,2.0,2.0,2.0,2.0,2.0,2.0,2.0,2.0,2.0,2.0,2.0,2.0,2.0,2.0,2.0,2.0,2.0,2.0,2.0,0.8627691276078182,0.8627691276078182,0.8627691276078182,0.8627691276078182,0.8770301063078383,0.8563554393461393,0.8627691276078182,0.8627691276078182,0.8627691276078182,0.8770301063078383,0.8627691276078182,0.8627691276078182,0.8627691276078182,0.8770301063078383,0.8627691276078182,0.8770301063078383,0.8627691276078182,0.8627691276078182,0.8770301063078383,0.8627691276078182,0.9078595536809613,0.8627691276078182,0.8627691276078182,0.8627691276078182,0.8627691276078182,0.8627691276078182,0.8627691276078182,0.8627691276078182,0.8627691276078182,0.8770301063078383,0.8379954772633874,0.8627691276078182,0.8627691276078182,0.8770301063078383,0.8627691276078182,0.8627691276078182,0.8627691276078182,0.8627691276078182,0.8627691276078182,0.8770301063078383,0.8627691276078182,0.8627691276078182,0.8627691276078182,0.8627691276078182,0.8627691276078182,0.8770301063078383,0.8627691276078182,0.8627691276078182,0.8627691276078182,0.8627691276078182,0.49872598950270647,0.46834985632181286,0.46618433149840566,0.4611042419156192,0.49872598950270647,0.4611042419156192,0.4611042419156192,0.46834985632181286,0.49872598950270647,0.49872598950270647,0.4611042419156192,0.49872598950270647,0.49872598950270647,0.46618433149840566,0.46618433149840566,0.49872598950270647,0.4611042419156192,0.49872598950270647,0.4611042419156192,0.49872598950270647,0.49872598950270647,0.4611042419156192,0.49872598950270647,0.4611042419156192,0.4611042419156192,0.49872598950270647,0.4611042419156192,0.4611042419156192,0.46834985632181286,0.4611042419156192,0.4611042419156192,0.4611042419156192,0.4611042419156192,0.4611042419156192,0.4611042419156192,0.4611042419156192,0.4611042419156192,0.4611042419156192,0.49872598950270647,0.49872598950270647,0.49872598950270647,0.4611042419156192,0.49872598950270647,0.49872598950270647,0.4611042419156192,0.49872598950270647,0.4611042419156192,0.46564214964906947,0.46618433149840566,0.49872598950270647,0.7591173263795247,0.7591173263795247,0.7591173263795247,0.7591173263795247,0.7003865877384085,0.7608287498292615,0.7591173263795247,0.7591173263795247,0.7591173263795247,0.7003865877384085,0.7591173263795247,0.7591173263795247,0.7591173263795247,0.7003865877384085,0.7591173263795247,0.7003865877384085,0.7591173263795247,0.7591173263795247,0.7003865877384085,0.7591173263795247,0.6878102624230709,0.7591173263795247,0.7591173263795247,0.7591173263795247,0.7591173263795247,0.7591173263795247,0.7591173263795247,0.7591173263795247,0.7591173263795247,0.7003865877384085,0.7912463446537267,0.7591173263795247,0.7591173263795247,0.7003865877384085,0.7591173263795247,0.7591173263795247,0.7591173263795247,0.7591173263795247,0.7591173263795247,0.7003865877384085,0.7591173263795247,0.7591173263795247,0.7591173263795247,0.7591173263795247,0.7591173263795247,0.7003865877384085,0.7591173263795247,0.7591173263795247,0.7591173263795247,0.7591173263795247,0.4816079424159134,0.6079036402814935,0.5652922420237434,0.5812649312146662,0.4816079424159134,0.5812649312146662,0.5812649312146662,0.6079036402814935,0.4816079424159134,0.4816079424159134,0.5812649312146662,0.4816079424159134,0.4816079424159134,0.5652922420237434,0.5652922420237434,0.4816079424159134,0.5812649312146662,0.4816079424159134,0.5812649312146662,0.4816079424159134,0.4816079424159134,0.5812649312146662,0.4816079424159134,0.5812649312146662,0.5812649312146662,0.4816079424159134,0.5812649312146662,0.5812649312146662,0.6079036402814935,0.5812649312146662,0.5812649312146662,0.5812649312146662,0.5812649312146662,0.5812649312146662,0.5812649312146662,0.5812649312146662,0.5812649312146662,0.5812649312146662,0.4816079424159134,0.4816079424159134,0.4816079424159134,0.5812649312146662,0.4816079424159134,0.4816079424159134,0.5812649312146662,0.4816079424159134,0.5812649312146662,0.5857691387615507,0.5652922420237434,0.4816079424159134
2.0,2.0,2.0,2.0,2.0,2.0,2.0,2.0,2.0,2.0,2.0,2.0,2.0,2.0,2.0,2.0,2.0,2.0,2.0,2.0,2.0,2.0,2.0,2.0,2.0,2.0,2.0,2.0,2.0,2.0,2.0,2.0,2.0,2.0,2.0,2.0,2.0,2.0,2.0,2.0,2.0,2.0,2.0,2.0,2.0,2.0,2.0,2.0,2.0,2.0,2.0,2.0,2.0,2.0,2.0,2.0,2.0,2.0,2.0,2.0,2.0,2.0,2.0,2.0,2.0,2.0,2.0,2.0,2.0,2.0,2.0,2.0,2.0,2.0,2.0,2.0,2.0,2.0,2.0,2.0,2.0,2.0,2.0,2.0,2.0,2.0,2.0,2.0,2.0,2.0,2.0,2.0,2.0,2.0,2.0,2.0,2.0,2.0,2.0,2.0,0.9628711825725838,0.8627691276078182,0.8620179733312753,0.8627691276078182,0.8627691276078182,0.8511621558856918,0.8511621558856918,0.8511621558856918,0.8265513220828531,0.8420733682390066,0.8620179733312753,0.8627691276078182,0.8511621558856918,0.8511621558856918,0.8511621558856918,0.8511621558856918,0.8265513220828531,0.8627691276078182,0.8511621558856918,0.8511621558856918,0.8420733682390066,0.8627691276078182,0.8620179733312753,0.8627691276078182,0.8627691276078182,0.8420733682390066,0.8265513220828531,0.8511621558856918,0.8627691276078182,0.8511621558856918,0.8511621558856918,0.8511621558856918,0.8420733682390066,0.8265513220828531,0.8511621558856918,0.8620179733312753,0.8420733682390066,0.8627691276078182,0.8420733682390066,0.8511621558856918,0.8511621558856918,0.8511621558856918,0.8265513220828531,0.8420733682390066,0.8420733682390066,0.8511621558856918,0.8627691276078182,0.8511621558856918,0.8627691276078182,0.8620179733312753,0.3728307572809163,0.36128546528299393,0.47712169864431037,0.47712169864431037,0.3728307572809163,0.5192550710784647,0.47712169864431037,0.3728307572809163,0.3728307572809163,0.3728307572809163,0.3728307572809163,0.3728307572809163,0.3728307572809163,0.47712169864431037,0.3728307572809163,0.3728307572809163,0.3728307572809163,0.3728307572809163,0.3728307572809163,0.3728307572809163,0.3728307572809163,0.3662677332398722,0.47712169864431037,0.47712169864431037,0.3662677332398722,0.3728307572809163,0.3728307572809163,0.3662677332398722,0.3728307572809163,0.3728307572809163,0.3728307572809163,0.3662677332398722,0.47712169864431037,0.3662677332398722,0.3728307572809163,0.41401319437592593,0.3728307572809163,0.3728307572809163,0.3728307572809163,0.3728307572809163,0.3728307572809163,0.3728307572809163,0.5192550710784647,0.3728307572809163,0.3728307572809163,0.47712169864431037,0.47712169864431037,0.3728307572809163,0.3728307572809163,0.3728307572809163,0.7934605879801832,0.7591173263795247,0.7891103714319864,0.7591173263795247,0.7591173263795247,0.7765696199097394,0.7765696199097394,0.7765696199097394,0.7565435186975243,0.7666779586495388,0.7891103714319864,0.7591173263795247,0.7765696199097394,0.7765696199097394,0.7765696199097394,0.7765696199097394,0.7565435186975243,0.7591173263795247,0.7765696199097394,0.7765696199097394,0.7666779586495388,0.7591173263795247,0.7891103714319864,0.7591173263795247,0.7591173263795247,0.7666779586495388,0.7565435186975243,0.7765696199097394,0.7591173263795247,0.7765696199097394,0.7765696199097394,0.7765696199097394,0.7666779586495388,0.7565435186975243,0.7765696199097394,0.7891103714319864,0.7666779586495388,0.7591173263795247,0.7666779586495388,0.7765696199097394,0.7765696199097394,0.7765696199097394,0.7565435186975243,0.7666779586495388,0.7666779586495388,0.7765696199097394,0.7591173263795247,0.7765696199097394,0.7591173263795247,0.7891103714319864,0.5913707265425806,0.5661945157728904,0.5629047698411153,0.5629047698411153,0.5913707265425806,0.5928345713107681,0.5629047698411153,0.5913707265425806,0.5913707265425806,0.5913707265425806,0.5913707265425806,0.5913707265425806,0.5913707265425806,0.5629047698411153,0.5913707265425806,0.5913707265425806,0.5913707265425806,0.5913707265425806,0.5913707265425806,0.5913707265425806,0.5913707265425806,0.6374612522407647,0.5629047698411153,0.5629047698411153,0.6374612522407647,0.5913707265425806,0.5913707265425806,0.6374612522407647,0.5913707265425806,0.5913707265425806,0.5913707265425806,0.6374612522407647,0.5629047698411153,0.6374612522407647,0.5913707265425806,0.5519133169739748,0.5913707265425806,0.5913707265425806,0.5913707265425806,0.5913707265425806,0.5913707265425806,0.5913707265425806,0.5928345713107681,0.5913707265425806,0.5913707265425806,0.5629047698411153,0.5629047698411153,0.5913707265425806,0.5913707265425806,0.5913707265425806
2.0,2.0,2.0,2.0,2.0,2.0,2.0,2.0,2.0,2.0,2.0,2.0,2.0,2.0,2.0,2.0,2.0,2.0,2.0,2.0,2.0,2.0,2.0,2.0,2.0,2.0,2.0,2.0,2.0,2.0,2.0,2.0,2.0,2.0,2.0,2.0,2.0,2.0,2.0,2.0,2.0,2.0,2.0,2.0,2.0,2.0,2.0,2.0,2.0,2.0,2.0,2.0,2.0,2.0,2.0,2.0,2.0,2.0,2.0,2.0,2.0,2.0,2.0,2.0,2.0,2.0,2.0,2.0,2.0,2.0,2.0,2.0,2.0,2.0,2.0,2.0,2.0,2.0,2.0,2.0,2.0,2.0,2.0,2.0,2.0,2.0,2.0,2.0,2.0,2.0,2.0,2.0,2.0,2.0,2.0,2.0,2.0,2.0,2.0,2.0,0.8489962080240334,0.8627691276078182,0.8627691276078182,0.7738852797515647,0.8627691276078182,0.8627691276078182,0.8627691276078182,0.8627691276078182,0.7738852797515647,0.8627691276078182,0.7738852797515647,0.8627691276078182,0.9525741158601231,0.8627691276078182,0.8627691276078182,0.8190609558371609,0.8627691276078182,0.8627691276078182,0.8627691276078182,0.8627691276078182,0.9525741158601231,0.8231430258345697,0.8627691276078182,0.8231430258345697,0.8627691276078182,0.8489962080240334,0.8627691276078182,0.8627691276078182,0.8627691276078182,0.8627691276078182,0.9525741158601231,0.7738852797515647,0.8627691276078182,0.8489962080240334,0.8190609558371609,0.8462373016238964,0.9525741158601231,0.8489962080240334,0.9525741158601231,0.9525741158601231,0.7738852797515647,0.8627691276078182,0.8190609558371609,0.8627691276078182,0.8627691276078182,0.8190609558371609,0.9525741158601231,0.8627691276078182,0.8627691276078182,0.8462373016238964,0.3141428733898655,0.2785004955089203,0.2785004955089203,0.2785004955089203,0.2785004955089203,0.37881695573039964,0.37881695573039964,0.37881695573039964,0.32486543734262363,0.37881695573039964,0.2785004955089203,0.2785004955089203,0.37881695573039964,0.2785004955089203,0.37881695573039964,0.2785004955089203,0.2785004955089203,0.37881695573039964,0.2785004955089203,0.3141428733898655,0.3141428733898655,0.3141428733898655,0.3141428733898655,0.37881695573039964,0.37881695573039964,0.37881695573039964,0.2785004955089203,0.37881695573039964,0.3141428733898655,0.2785004955089203,0.3141428733898655,0.3141428733898655,0.3141428733898655,0.3141428733898655,0.37881695573039964,0.37881695573039964,0.2785004955089203,0.3141428733898655,0.2785004955089203,0.2785004955089203,0.2785004955089203,0.2785004955089203,0.37881695573039964,0.3141428733898655,0.37881695573039964,0.2785004955089203,0.37881695573039964,0.3141428733898655,0.3141428733898655,0.37881695573039964,0.8419737250940074,0.7591173263795247,0.7591173263795247,0.6585919626259331,0.7591173263795247,0.7591173263795247,0.7591173263795247,0.7591173263795247,0.6585919626259331,0.7591173263795247,0.6585919626259331,0.7591173263795247,0.9358620734564111,0.7591173263795247,0.7591173263795247,0.7515142836740781,0.7591173263795247,0.7591173263795247,0.7591173263795247,0.7591173263795247,0.9358620734564111,0.7702614841551055,0.7591173263795247,0.7702614841551055,0.7591173263795247,0.8419737250940074,0.7591173263795247,0.7591173263795247,0.7591173263795247,0.7591173263795247,0.9358620734564111,0.6585919626259331,0.7591173263795247,0.8419737250940074,0.7515142836740781,0.6717314574870781,0.9358620734564111,0.8419737250940074,0.9358620734564111,0.9358620734564111,0.6585919626259331,0.7591173263795247,0.7515142836740781,0.7591173263795247,0.7591173263795247,0.7515142836740781,0.9358620734564111,0.7591173263795247,0.7591173263795247,0.6717314574870781,0.4817514860782932,0.4984306110129632,0.4984306110129632,0.4984306110129632,0.4984306110129632,0.598508025968611,0.598508025968611,0.598508025968611,0.5485359956841656,0.598508025968611,0.4984306110129632,0.4984306110129632,0.598508025968611,0.4984306110129632,0.598508025968611,0.4984306110129632,0.4984306110129632,0.598508025968611,0.4984306110129632,0.4817514860782932,0.4817514860782932,0.4817514860782932,0.4817514860782932,0.598508025968611,0.598508025968611,0.598508025968611,0.4984306110129632,0.598508025968611,0.4817514860782932,0.4984306110129632,0.4817514860782932,0.4817514860782932,0.4817514860782932,0.4817514860782932,0.598508025968611,0.598508025968611,0.4984306110129632,0.4817514860782932,0.4984306110129632,0.4984306110129632,0.4984306110129632,0.4984306110129632,0.598508025968611,0.4817514860782932,0.598508025968611,0.4984306110129632,0.598508025968611,0.4817514860782932,0.4817514860782932,0.598508025968611
2.0,2.0,2.0,2.0,2.0,2.0,2.0,2.0,2.0,2.0,2.0,2.0,2.0,2.0,2.0,2.0,2.0,2.0,2.0,2.0,2.0,2.0,2.0,2.0,2.0,2.0,2.0,2.0,2.0,2.0,2.0,2.0,2.0,2.0,2.0,2.0,2.0,2.0,2.0,2.0,2.0,2.0,2.0,2.0,2.0,2.0,2.0,2.0,2.0,2.0,2.0,2.0,2.0,2.0,2.0,2.0,2.0,2.0,2.0,2.0,2.0,2.0,2.0,2.0,2.0,2.0,2.0,2.0,2.0,2.0,2.0,2.0,2.0,2.0,2.0,2.0,2.0,2.0,2.0,2.0,2.0,2.0,2.0,2.0,2.0,2.0,2.0,2.0,2.0,2.0,2.0,2.0,2.0,2.0,2.0,2.0,2.0,2.0,2.0,2.0,0.8600842122200532,0.804921594681156,0.7997727883666004,0.7877775323579793,0.8627691276078182,0.8627691276078182,0.7543401828552596,0.7543401828552596,0.8627691276078182,0.746567506519029,0.7466743768618278,0.8627691276078182,0.8627691276078182,0.8627691276078182,0.746567506519029,0.8627691276078182,0.8627691276078182,0.7543401828552596,0.8627691276078182,0.8627691276078182,0.8627691276078182,0.8627691276078182,0.8627691276078182,0.7543401828552596,0.7543401828552596,0.8627691276078182,0.8627691276078182,0.7738852797515647,0.7466743768618278,0.8627691276078182,0.7738852797515647,0.7738852797515647,0.7997727883666004,0.8627691276078182,0.7997727883666004,0.8627691276078182,0.8627691276078182,0.7738852797515647,0.7543401828552596,0.8627691276078182,0.7738852797515647,0.7997727883666004,0.8627691276078182,0.8627691276078182,0.8627691276078182,0.7738852797515647,0.8627691276078182,0.8627691276078182,0.8627691276078182,0.8627691276078182,0.2785004955089203,0.2785004955089203,0.2785004955089203,0.2785004955089203,0.2785004955089203,0.2785004955089203,0.2785004955089203,0.2785004955089203,0.2785004955089203,0.2785004955089203,0.2785004955089203,0.2785004955089203,0.2785004955089203,0.2785004955089203,0.2785004955089203,0.2785004955089203,0.2785004955089203,0.2785004955089203,0.2785004955089203,0.2785004955089203,0.2785004955089203,0.2785004955089203,0.2785004955089203,0.2785004955089203,0.2785004955089203,0.2785004955089203,0.2785004955089203,0.2785004955089203,0.2785004955089203,0.2785004955089203,0.2785004955089203,0.2785004955089203,0.2785004955089203,0.2785004955089203,0.2785004955089203,0.2785004955089203,0.2785004955089203,0.2785004955089203,0.2785004955089203,0.2785004955089203,0.2785004955089203,0.2785004955089203,0.2785004955089203,0.2785004955089203,0.2785004955089203,0.2785004955089203,0.2785004955089203,0.2785004955089203,0.2785004955089203,0.2785004955089203,0.7515963087934759,0.6589367797396358,0.6429487683875659,1.0,0.7591173263795247,0.7591173263795247,0.9532402799038263,0.9532402799038263,0.7591173263795247,0.664007552058012,0.6854014315301526,0.7591173263795247,0.7591173263795247,0.7591173263795247,0.664007552058012,0.7591173263795247,0.7591173263795247,0.9532402799038263,0.7591173263795247,0.7591173263795247,0.7591173263795247,0.7591173263795247,0.7591173263795247,0.9532402799038263,0.9532402799038263,0.7591173263795247,0.7591173263795247,0.6585919626259331,0.6854014315301526,0.7591173263795247,0.6585919626259331,0.6585919626259331,0.6429487683875659,0.7591173263795247,0.6429487683875659,0.7591173263795247,0.7591173263795247,0.6585919626259331,0.9532402799038263,0.7591173263795247,0.6585919626259331,0.6429487683875659,0.7591173263795247,0.7591173263795247,0.7591173263795247,0.6585919626259331,0.7591173263795247,0.7591173263795247,0.7591173263795247,0.7591173263795247,0.4984306110129632,0.4984306110129632,0.4984306110129632,0.4984306110129632,0.4984306110129632,0.4984306110129632,0.4984306110129632,0.4984306110129632,0.4984306110129632,0.4984306110129632,0.4984306110129632,0.4984306110129632,0.4984306110129632,0.4984306110129632,0.4984306110129632,0.4984306110129632,0.4984306110129632,0.4984306110129632,0.4984306110129632,0.4984306110129632,0.4984306110129632,0.4984306110129632,0.4984306110129632,0.4984306110129632,0.4984306110129632,0.4984306110129632,0.4984306110129632,0.4984306110129632,0.4984306110129632,0.4984306110129632,0.4984306110129632,0.4984306110129632,0.4984306110129632,0.4984306110129632,0.4984306110129632,0.4984306110129632,0.4984306110129632,0.4984306110129632,0.4984306110129632,0.4984306110129632,0.4984306110129632,0.4984306110129632,0.4984306110129632,0.4984306110129632,0.4984306110129632,0.4984306110129632,0.4984306110129632,0.4984306110129632,0.4984306110129632,0.4984306110129632
2.0,2.0,2.0,2.0,2.0,2.0,2.0,2.0,2.0,2.0,2.0,2.0,2.0,2.0,2.0,2.0,2.0,2.0,2.0,2.0,2.0,2.0,2.0,2.0,2.0,2.0,2.0,2.0,2.0,2.0,2.0,2.0,2.0,2.0,2.0,2.0,2.0,2.0,2.0,2.0,2.0,2.0,2.0,2.0,2.0,2.0,2.0,2.0,2.0,2.0,2.0,2.0,2.0,2.0,2.0,2.0,2.0,2.0,2.0,2.0,2.0,2.0,2.0,2.0,2.0,2.0,2.0,2.0,2.0,2.0,2.0,2.0,2.0,2.0,2.0,2.0,2.0,2.0,2.0,2.0,2.0,2.0,2.0,2.0,2.0,2.0,2.0,2.0,2.0,2.0,2.0,2.0,2.0,2.0,2.0,2.0,2.0,2.0,2.0,2.0,0.7771436438963047,0.8403739836908058,0.7771436438963047,0.8048960239211349,0.7771436438963047,0.7771436438963047,0.7543401828552596,0.7771436438963047,0.7771436438963047,0.7771436438963047,0.7771436438963047,0.7726515667641646,0.7771436438963047,0.8403739836908058,0.7771436438963047,0.760805464315745,0.7771436438963047,0.7543401828552596,0.7771436438963047,0.760805464315745,0.7223995824958405,0.7771436438963047,0.7771436438963047,0.8403739836908058,0.7771436438963047,0.7771436438963047,0.7543401828552596,0.7771436438963047,0.7771436438963047,0.7771436438963047,0.7771436438963047,0.7771436438963047,0.7543401828552596,0.7771436438963047,0.7771436438963047,0.7771436438963047,0.760805464315745,0.8403739836908058,0.8403739836908058,0.7543401828552596,0.8403739836908058,0.7771436438963047,0.7771436438963047,0.7771436438963047,0.8403739836908058,0.7771436438963047,0.7771436438963047,0.7771436438963047,0.7771436438963047,0.7771436438963047,0.2500339700147091,0.2500339700147091,0.297853710766027,0.13643716557876895,0.297853710766027,0.2500339700147091,0.297853710766027,0.297853710766027,0.297853710766027,0.13643716557876895,0.13643716557876895,0.2500339700147091,0.2500339700147091,0.297853710766027,0.13643716557876895,0.297853710766027,0.2500339700147091,0.297853710766027,0.13643716557876895,0.297853710766027,0.13643716557876895,0.2500339700147091,0.297853710766027,0.2500339700147091,0.297853710766027,0.2500339700147091,0.297853710766027,0.297853710766027,0.2500339700147091,0.297853710766027,0.13643716557876895,0.2500339700147091,0.2500339700147091,0.2500339700147091,0.14746931439032762,0.2500339700147091,0.2500339700147091,0.14746931439032762,0.2500339700147091,0.2500339700147091,0.297853710766027,0.297853710766027,0.297853710766027,0.2500339700147091,0.2500339700147091,0.2500339700147091,0.13643716557876895,0.14746931439032762,0.2500339700147091,0.2500339700147091,1.0,0.69490280601542,1.0,0.9517182089429848,1.0,1.0,0.9532402799038263,1.0,1.0,1.0,1.0,1.0,1.0,0.69490280601542,1.0,1.0,1.0,0.9532402799038263,1.0,1.0,0.921467713208461,1.0,1.0,0.69490280601542,1.0,1.0,0.9532402799038263,1.0,1.0,1.0,1.0,1.0,0.9532402799038263,1.0,1.0,1.0,1.0,0.69490280601542,0.69490280601542,0.9532402799038263,0.69490280601542,1.0,1.0,1.0,0.69490280601542,1.0,1.0,1.0,1.0,1.0,0.3630584401050153,0.3630584401050153,0.4246981335372859,0.6274916124141798,0.4246981335372859,0.3630584401050153,0.4246981335372859,0.4246981335372859,0.4246981335372859,0.6274916124141798,0.6274916124141798,0.3630584401050153,0.3630584401050153,0.4246981335372859,0.6274916124141798,0.4246981335372859,0.3630584401050153,0.4246981335372859,0.6274916124141798,0.4246981335372859,0.6274916124141798,0.3630584401050153,0.4246981335372859,0.3630584401050153,0.4246981335372859,0.3630584401050153,0.4246981335372859,0.4246981335372859,0.3630584401050153,0.4246981335372859,0.6274916124141798,0.3630584401050153,0.3630584401050153,0.3630584401050153,0.6217076813624076,0.3630584401050153,0.3630584401050153,0.6217076813624076,0.3630584401050153,0.3630584401050153,0.4246981335372859,0.4246981335372859,0.4246981335372859,0.3630584401050153,0.3630584401050153,0.3630584401050153,0.6274916124141798,0.6217076813624076,0.3630584401050153,0.3630584401050153
2.0,2.0,2.0,2.0,2.0,2.0,2.0,2.0,2.0,2.0,2.0,2.0,2.0,2.0,2.0,2.0,2.0,2.0,2.0,2.0,2.0,2.0,2.0,2.0,2.0,2.0,2.0,2.0,2.0,2.0,2.0,2.0,2.0,2.0,2.0,2.0,2.0,2.0,2.0,2.0,2.0,2.0,2.0,2.0,2.0,2.0,2.0,2.0,2.0,2.0,2.0,2.0,2.0,2.0,2.0,2.0,2.0,2.0,2.0,2.0,2.0,2.0,2.0,2.0,2.0,2.0,2.0,2.0,2.0,2.0,2.0,2.0,2.0,2.0,2.0,2.0,2.0,2.0,2.0,2.0,2.0,2.0,2.0,2.0,2.0,2.0,2.0,2.0,2.0,2.0,2.0,2.0,2.0,2.0,2.0,2.0,2.0,2.0,2.0,2.0,0.7720370190164197,0.7472988595768827,0.7472988595768827,0.7472988595768827,0.7472988595768827,0.7472988595768827,0.7720370190164197,0.7472988595768827,0.6923770110510918,0.7472988595768827,0.7472988595768827,0.7720370190164197,0.7720370190164197,0.7720370190164197,0.7472988595768827,0.7472988595768827,0.7720370190164197,0.7720370190164197,0.7720370190164197,0.7472988595768827,0.7720370190164197,0.7720370190164197,0.7720370190164197,0.7472988595768827,0.7472988595768827,0.7472988595768827,0.7720370190164197,0.7720370190164197,0.7720370190164197,0.7472988595768827,0.7472988595768827,0.7543401828552596,0.7472988595768827,0.7720370190164197,0.7720370190164197,0.7472988595768827,0.7472988595768827,0.7472988595768827,0.7543401828552596,0.7472988595768827,0.7720370190164197,0.7472988595768827,0.6923770110510918,0.6923770110510918,0.7720370190164197,0.7720370190164197,0.7472988595768827,0.7624136904860607,0.7720370190164197,0.7720370190164197,0.13643716557876895,0.13643716557876895,0.21665711793967327,0.13643716557876895,0.3384320941897096,0.34247523312440126,0.13643716557876895,0.13643716557876895,0.13643716557876895,0.13643716557876895,0.13643716557876895,0.13643716557876895,0.13643716557876895,0.21665711793967327,0.3384320941897096,0.13643716557876895,0.3384320941897096,0.13643716557876895,0.13643716557876895,0.3384320941897096,0.21665711793967327,0.3384320941897096,0.13643716557876895,0.21665711793967327,0.3384320941897096,0.21665711793967327,0.13643716557876895,0.21665711793967327,0.21665711793967327,0.13643716557876895,0.21665711793967327,0.13643716557876895,0.13643716557876895,0.21665711793967327,0.13643716557876895,0.21665711793967327,0.13643716557876895,0.13643716557876895,0.13643716557876895,0.21665711793967327,0.3384320941897096,0.13643716557876895,0.21665711793967327,0.3384320941897096,0.13643716557876895,0.21665711793967327,0.21665711793967327,0.3384320941897096,0.3384320941897096,0.3384320941897096,0.8636779108217774,0.9032591770998849,0.9032591770998849,0.9032591770998849,0.9032591770998849,0.9032591770998849,0.8636779108217774,0.9032591770998849,0.8547230629654338,0.9032591770998849,0.9032591770998849,0.8636779108217774,0.8636779108217774,0.8636779108217774,0.9032591770998849,0.9032591770998849,0.8636779108217774,0.8636779108217774,0.8636779108217774,0.9032591770998849,0.8636779108217774,0.8636779108217774,0.8636779108217774,0.9032591770998849,0.9032591770998849,0.9032591770998849,0.8636779108217774,0.8636779108217774,0.8636779108217774,0.9032591770998849,0.9032591770998849,0.9532402799038263,0.9032591770998849,0.8636779108217774,0.8636779108217774,0.9032591770998849,0.9032591770998849,0.9032591770998849,0.9532402799038263,0.9032591770998849,0.8636779108217774,0.9032591770998849,0.8547230629654338,0.8547230629654338,0.8636779108217774,0.8636779108217774,0.9032591770998849,0.9559280916407747,0.8636779108217774,0.8636779108217774,0.6274916124141798,0.6274916124141798,0.6388371064133975,0.6274916124141798,0.46087507349682777,0.48659642672664144,0.6274916124141798,0.6274916124141798,0.6274916124141798,0.6274916124141798,0.6274916124141798,0.6274916124141798,0.6274916124141798,0.6388371064133975,0.46087507349682777,0.6274916124141798,0.46087507349682777,0.6274916124141798,0.6274916124141798,0.46087507349682777,0.6388371064133975,0.46087507349682777,0.6274916124141798,0.6388371064133975,0.46087507349682777,0.6388371064133975,0.6274916124141798,0.6388371064133975,0.6388371064133975,0.6274916124141798,0.6388371064133975,0.6274916124141798,0.6274916124141798,0.6388371064133975,0.6274916124141798,0.6388371064133975,0.6274916124141798,0.6274916124141798,0.6274916124141798,0.6388371064133975,0.46087507349682777,0.6274916124141798,0.6388371064133975,0.46087507349682777,0.6274916124141798,0.6388371064133975,0.6388371064133975,0.46087507349682777,0.46087507349682777,0.46087507349682777
2.0,2.0,2.0,2.0,2.0,2.0,2.0,2.0,2.0,2.0,2.0,2.0,2.0,2.0,2.0,2.0,2.0,2.0,2.0,2.0,2.0,2.0,2.0,2.0,2.0,2.0,2.0,2.0,2.0,2.0,2.0,2.0,2.0,2.0,2.0,2.0,2.0,2.0,2.0,2.0,2.0,2.0,2.0,2.0,2.0,2.0,2.0,2.0,2.0,2.0,2.0,2.0,2.0,2.0,2.0,2.0,2.0,2.0,2.0,2.0,2.0,2.0,2.0,2.0,2.0,2.0,2.0,2.0,2.0,2.0,2.0,2.0,2.0,2.0,2.0,2.0,2.0,2.0,2.0,2.0,2.0,2.0,2.0,2.0,2.0,2.0,2.0,2.0,2.0,2.0,2.0,2.0,2.0,2.0,2.0,2.0,2.0,2.0,2.0,2.0,0.7708442343813476,0.8064993465103026,0.6812522540788505,0.7708442343813476,0.7943479215227309,0.7708442343813476,0.8064993465103026,0.8064993465103026,0.7708442343813476,0.7708442343813476,0.8064993465103026,0.7708442343813476,0.7708442343813476,0.8064993465103026,0.8064993465103026,0.6812522540788505,0.8064993465103026,0.8064993465103026,0.8064993465103026,0.8064993465103026,0.8064993465103026,0.7708442343813476,0.7708442343813476,0.7708442343813476,0.8064993465103026,0.8064993465103026,0.8064993465103026,0.7708442343813476,0.8064993465103026,0.8064993465103026,0.8064993465103026,0.8064993465103026,0.8064993465103026,0.7943479215227309,0.7708442343813476,0.8064993465103026,0.7708442343813476,0.7708442343813476,0.8064993465103026,0.7708442343813476,0.7708442343813476,0.7965433160604105,0.7708442343813476,0.7708442343813476,0.7708442343813476,0.8064993465103026,0.8064993465103026,0.7708442343813476,0.7708442343813476,0.7708442343813476,0.21665711793967327,0.06425430000027134,0.21665711793967327,0.0,0.21665711793967327,0.0,0.0,0.0,0.06425430000027134,0.0,0.0,0.21665711793967327,0.0,0.21665711793967327,0.0,0.06425430000027134,0.0,0.0,0.0,0.21665711793967327,0.0,0.0,0.06425430000027134,0.0,0.0,0.0,0.06425430000027134,0.0,0.21665711793967327,0.06425430000027134,0.0,0.06425430000027134,0.21665711793967327,0.06425430000027134,0.21665711793967327,0.06425430000027134,0.21665711793967327,0.0,0.06425430000027134,0.0,0.0,0.21665711793967327,0.0,0.0,0.06425430000027134,0.24198591918904694,0.0,0.24198591918904694,0.06425430000027134,0.0,0.8496795787966234,1.0,0.8657625028472106,0.8496795787966234,1.0,0.8496795787966234,1.0,1.0,0.8496795787966234,0.8496795787966234,1.0,0.8496795787966234,0.8496795787966234,1.0,1.0,0.8657625028472106,1.0,1.0,1.0,1.0,1.0,0.8496795787966234,0.8496795787966234,0.8496795787966234,1.0,1.0,1.0,0.8496795787966234,1.0,1.0,1.0,1.0,1.0,1.0,0.8496795787966234,1.0,0.8496795787966234,0.8496795787966234,1.0,0.8496795787966234,0.8496795787966234,0.9626542301091947,0.8496795787966234,0.8496795787966234,0.8496795787966234,1.0,1.0,0.8496795787966234,0.8496795787966234,0.8496795787966234,0.6388371064133975,0.7621925255041253,0.6388371064133975,0.6831441382375224,0.6388371064133975,0.6831441382375224,0.6831441382375224,0.6831441382375224,0.7621925255041253,0.6831441382375224,0.6831441382375224,0.6388371064133975,0.6831441382375224,0.6388371064133975,0.6831441382375224,0.7621925255041253,0.6831441382375224,0.6831441382375224,0.6831441382375224,0.6388371064133975,0.6831441382375224,0.6831441382375224,0.7621925255041253,0.6831441382375224,0.6831441382375224,0.6831441382375224,0.7621925255041253,0.6831441382375224,0.6388371064133975,0.7621925255041253,0.6831441382375224,0.7621925255041253,0.6388371064133975,0.7621925255041253,0.6388371064133975,0.7621925255041253,0.6388371064133975,0.6831441382375224,0.7621925255041253,0.6831441382375224,0.6831441382375224,0.6388371064133975,0.6831441382375224,0.6831441382375224,0.7621925255041253,0.6225578889797648,0.6831441382375224,0.6225578889797648,0.7621925255041253,0.6831441382375224
2.0,2.0,2.0,2.0,2.0,2.0,2.0,2.0,2.0,2.0,2.0,2.0,2.0,2.0,2.0,2.0,2.0,2.0,2.0,2.0,2.0,2.0,2.0,2.0,2.0,2.0,2.0,2.0,2.0,2.0,2.0,2.0,2.0,2.0,2.0,2.0,2.0,2.0,2.0,2.0,2.0,2.0,2.0,2.0,2.0,2.0,2.0,2.0,2.0,2.0,2.0,2.0,2.0,2.0,2.0,2.0,2.0,2.0,2.0,2.0,2.0,2.0,2.0,2.0,2.0,2.0,2.0,2.0,2.0,2.0,2.0,2.0,2.0,2.0,2.0,2.0,2.0,2.0,2.0,2.0,2.0,2.0,2.0,2.0,2.0,2.0,2.0,2.0,2.0,2.0,2.0,2.0,2.0,2.0,2.0,2.0,2.0,2.0,2.0,2.0,0.8048171672399905,0.8048171672399905,0.8048171672399905,0.8048171672399905,0.8048171672399905,0.8048171672399905,0.8048171672399905,0.8048171672399905,0.8048171672399905,0.8048171672399905,0.8048171672399905,0.8048171672399905,0.8267649888840504,0.8048171672399905,0.8048171672399905,0.8267649888840504,0.8048171672399905,0.8048171672399905,0.8267649888840504,0.8048171672399905,0.8267649888840504,0.8048171672399905,0.8048171672399905,0.8048171672399905,0.8048171672399905,0.8048171672399905,0.8048171672399905,0.8048171672399905,0.8048171672399905,0.8048171672399905,0.8048171672399905,0.8048171672399905,0.8048171672399905,0.8048171672399905,0.8048171672399905,0.8048171672399905,0.8048171672399905,0.8267649888840504,0.8048171672399905,0.8048171672399905,0.8048171672399905,0.8048171672399905,0.8048171672399905,0.8048171672399905,0.8048171672399905,0.8048171672399905,0.8267649888840504,0.8048171672399905,0.8048171672399905,0.8267649888840504,0.047164135956437314,0.047164135956437314,0.0,0.047164135956437314,0.0,0.037518254751916016,0.047164135956437314,0.11245224679765405,0.047164135956437314,0.047164135956437314,0.047164135956437314,0.047164135956437314,0.047164135956437314,0.11245224679765405,0.047164135956437314,0.0,0.0,0.0,0.047164135956437314,0.0,0.037518254751916016,0.0,0.047164135956437314,0.0,0.0,0.047164135956437314,0.0,0.11245224679765405,0.0,0.047164135956437314,0.11245224679765405,0.11245224679765405,0.037518254751916016,0.037518254751916016,0.047164135956437314,0.037518254751916016,0.037518254751916016,0.047164135956437314,0.037518254751916016,0.037518254751916016,0.047164135956437314,0.0,0.047164135956437314,0.037518254751916016,0.037518254751916016,0.037518254751916016,0.0,0.037518254751916016,0.0,0.047164135956437314,0.8338220354945312,0.8338220354945312,0.8338220354945312,0.8338220354945312,0.8338220354945312,0.8338220354945312,0.8338220354945312,0.8338220354945312,0.8338220354945312,0.8338220354945312,0.8338220354945312,0.8338220354945312,0.9103675373431025,0.8338220354945312,0.8338220354945312,0.9103675373431025,0.8338220354945312,0.8338220354945312,0.9103675373431025,0.8338220354945312,0.9103675373431025,0.8338220354945312,0.8338220354945312,0.8338220354945312,0.8338220354945312,0.8338220354945312,0.8338220354945312,0.8338220354945312,0.8338220354945312,0.8338220354945312,0.8338220354945312,0.8338220354945312,0.8338220354945312,0.8338220354945312,0.8338220354945312,0.8338220354945312,0.8338220354945312,0.9103675373431025,0.8338220354945312,0.8338220354945312,0.8338220354945312,0.8338220354945312,0.8338220354945312,0.8338220354945312,0.8338220354945312,0.8338220354945312,0.9103675373431025,0.8338220354945312,0.8338220354945312,0.9103675373431025,0.7206864155524656,0.7206864155524656,0.6831441382375224,0.7206864155524656,0.6831441382375224,0.7519554053941383,0.7206864155524656,0.7622565968203856,0.7206864155524656,0.7206864155524656,0.7206864155524656,0.7206864155524656,0.7206864155524656,0.7622565968203856,0.7206864155524656,0.6831441382375224,0.6831441382375224,0.6831441382375224,0.7206864155524656,0.6831441382375224,0.7519554053941383,0.7425634763460449,0.7206864155524656,0.6831441382375224,0.7425634763460449,0.7206864155524656,0.6831441382375224,0.7622565968203856,0.6831441382375224,0.7206864155524656,0.7622565968203856,0.7622565968203856,0.7519554053941383,0.7519554053941383,0.7206864155524656,0.7519554053941383,0.7519554053941383,0.7206864155524656,0.7519554053941383,0.7519554053941383,0.7206864155524656,0.6831441382375224,0.7206864155524656,0.7519554053941383,0.7519554053941383,0.7519554053941383,0.6831441382375224,0.7519554053941383,0.6831441382375224,0.7206864155524656
2.0,2.0,2.0,2.0,2.0,2.0,2.0,2.0,2.0,2.0,2.0,2.0,2.0,2.0,2.0,2.0,2.0,2.0,2.0,2.0,2.0,2.0,2.0,2.0,2.0,2.0,2.0,2.0,2.0,2.0,2.0,2.0,2.0,2.0,2.0,2.0,2.0,2.0,2.0,2.0,2.0,2.0,2.0,2.0,2.0,2.0,2.0,2.0,2.0,2.0,2.0,2.0,2.0,2.0,2.0,2.0,2.0,2.0,2.0,2.0,2.0,2.0,2.0,2.0,2.0,2.0,2.0,2.0,2.0,2.0,2.0,2.0,2.0,2.0,2.0,2.0,2.0,2.0,2.0,2.0,2.0,2.0,2.0,2.0,2.0,2.0,2.0,2.0,2.0,2.0,2.0,2.0,2.0,2.0,2.0,2.0,2.0,2.0,2.0,2.0,0.8111444985462447,0.7632200167375385,0.8111444985462447,0.8111444985462447,0.8111444985462447,0.8111444985462447,0.8111444985462447,0.8111444985462447,0.8111444985462447,0.8111444985462447,0.8111444985462447,0.8111444985462447,0.8111444985462447,0.8111444985462447,0.8111444985462447,0.8111444985462447,0.8111444985462447,0.8111444985462447,0.8111444985462447,0.8111444985462447,0.8111444985462447,0.8111444985462447,0.7632200167375385,0.8111444985462447,0.8111444985462447,0.8111444985462447,0.8111444985462447,0.8111444985462447,0.8111444985462447,0.8111444985462447,0.8111444985462447,0.8111444985462447,0.8111444985462447,0.7996412999124431,0.7933863721384932,0.8111444985462447,0.8111444985462447,0.8111444985462447,0.8111444985462447,0.8111444985462447,0.8111444985462447,0.8111444985462447,0.7996412999124431,0.7996412999124431,0.8111444985462447,0.8111444985462447,0.8111444985462447,0.8111444985462447,0.8111444985462447,0.8111444985462447,0.0,0.11985712496611775,0.11985712496611775,0.0066633007158405436,0.0066633007158405436,0.1271743089816875,0.11985712496611775,0.0066633007158405436,0.0066633007158405436,0.0066633007158405436,0.0066633007158405436,0.0066633007158405436,0.0951867382070717,0.1271743089816875,0.0066633007158405436,0.1271743089816875,0.0066633007158405436,0.08693257967000911,0.11985712496611775,0.13299551731970094,0.11985712496611775,0.1271743089816875,0.11985712496611775,0.0066633007158405436,0.0066633007158405436,0.1271743089816875,0.0066633007158405436,0.0066633007158405436,0.0066633007158405436,0.0066633007158405436,0.0066633007158405436,0.11985712496611775,0.0066633007158405436,0.0066633007158405436,0.1271743089816875,0.0066633007158405436,0.0066633007158405436,0.0,0.0066633007158405436,0.0951867382070717,0.0066633007158405436,0.0066633007158405436,0.0,0.0066633007158405436,0.0066633007158405436,0.0066633007158405436,0.0066633007158405436,0.0951867382070717,0.0066633007158405436,0.0066633007158405436,0.7583320178273474,0.824785141153509,0.7583320178273474,0.7583320178273474,0.7583320178273474,0.7583320178273474,0.7583320178273474,0.7583320178273474,0.7583320178273474,0.7583320178273474,0.7583320178273474,0.7583320178273474,0.7583320178273474,0.7583320178273474,0.7583320178273474,0.7583320178273474,0.7583320178273474,0.7583320178273474,0.7583320178273474,0.7583320178273474,0.7583320178273474,0.7583320178273474,0.824785141153509,0.7583320178273474,0.7583320178273474,0.7583320178273474,0.7583320178273474,0.7583320178273474,0.7583320178273474,0.7583320178273474,0.7583320178273474,0.7583320178273474,0.7583320178273474,0.7818603467460647,0.7822212444936937,0.7583320178273474,0.7583320178273474,0.7583320178273474,0.7583320178273474,0.7583320178273474,0.7583320178273474,0.7583320178273474,0.7818603467460647,0.7818603467460647,0.7583320178273474,0.7583320178273474,0.7583320178273474,0.7583320178273474,0.7583320178273474,0.7583320178273474,0.7656982328166637,0.8154356329137101,0.8154356329137101,0.7769467913954404,0.7769467913954404,0.7885687183421709,0.8154356329137101,0.7769467913954404,0.7769467913954404,0.7769467913954404,0.7769467913954404,0.7769467913954404,0.8702597183163008,0.7885687183421709,0.7769467913954404,0.7885687183421709,0.7769467913954404,0.8653197377794241,0.8154356329137101,0.8334105384760915,0.8154356329137101,0.7885687183421709,0.8154356329137101,0.7769467913954404,0.7769467913954404,0.7885687183421709,0.7769467913954404,0.7769467913954404,0.7769467913954404,0.7769467913954404,0.7769467913954404,0.8154356329137101,0.7769467913954404,0.7769467913954404,0.7885687183421709,0.7769467913954404,0.7769467913954404,0.7414883120033344,0.7769467913954404,0.8702597183163008,0.7769467913954404,0.7769467913954404,0.7656982328166637,0.7769467913954404,0.7769467913954404,0.7769467913954404,0.7769467913954404,0.8702597183163008,0.7769467913954404,0.7769467913954404
2.0,2.0,2.0,2.0,2.0,2.0,2.0,2.0,2.0,2.0,2.0,2.0,2.0,2.0,2.0,2.0,2.0,2.0,2.0,2.0,2.0,2.0,2.0,2.0,2.0,2.0,2.0,2.0,2.0,2.0,2.0,2.0,2.0,2.0,2.0,2.0,2.0,2.0,2.0,2.0,2.0,2.0,2.0,2.0,2.0,2.0,2.0,2.0,2.0,2.0,2.0,2.0,2.0,2.0,2.0,2.0,2.0,2.0,2.0,2.0,2.0,2.0,2.0,2.0,2.0,2.0,2.0,2.0,2.0,2.0,2.0,2.0,2.0,2.0,2.0,2.0,2.0,2.0,2.0,2.0,2.0,2.0,2.0,2.0,2.0,2.0,2.0,2.0,2.0,2.0,2.0,2.0,2.0,2.0,2.0,2.0,2.0,2.0,2.0,2.0,0.7632200167375385,0.8140526722835681,0.81698814944011,0.7632200167375385,0.8140526722835681,0.7632200167375385,0.7632200167375385,0.8140526722835681,0.7632200167375385,0.7632200167375385,0.7632200167375385,0.7632200167375385,0.7632200167375385,0.7632200167375385,0.8140526722835681,0.7632200167375385,0.8140526722835681,0.7632200167375385,0.8140526722835681,0.8140526722835681,0.7632200167375385,0.7632200167375385,0.8140526722835681,0.8140526722835681,0.7632200167375385,0.8140526722835681,0.7632200167375385,0.8140526722835681,0.7632200167375385,0.8140526722835681,0.7632200167375385,0.7632200167375385,0.7632200167375385,0.7632200167375385,0.7632200167375385,0.7632200167375385,0.7632200167375385,0.8140526722835681,0.7632200167375385,0.7632200167375385,0.7632200167375385,0.8140526722835681,0.8140526722835681,0.7632200167375385,0.8140526722835681,0.7632200167375385,0.7632200167375385,0.7632200167375385,0.7632200167375385,0.8140526722835681,0.12835490734403981,0.12835490734403981,0.12835490734403981,0.18000623064743346,0.12835490734403981,0.12835490734403981,0.12835490734403981,0.12835490734403981,0.12835490734403981,0.12835490734403981,0.12835490734403981,0.12835490734403981,0.12835490734403981,0.1767910993038639,0.12835490734403981,0.12835490734403981,0.12835490734403981,0.12835490734403981,0.12835490734403981,0.1767910993038639,0.1767910993038639,0.12835490734403981,0.1767910993038639,0.12835490734403981,0.12835490734403981,0.12835490734403981,0.18000623064743346,0.12835490734403981,0.18000623064743346,0.12835490734403981,0.12835490734403981,0.1767910993038639,0.18000623064743346,0.12835490734403981,0.12835490734403981,0.12835490734403981,0.13290685656825924,0.12835490734403981,0.1767910993038639,0.1767910993038639,0.1767910993038639,0.18000623064743346,0.1767910993038639,0.1767910993038639,0.13290685656825924,0.12835490734403981,0.12835490734403981,0.1767910993038639,0.12835490734403981,0.12835490734403981,0.824785141153509,0.8574794649906073,0.8278310283515741,0.824785141153509,0.8574794649906073,0.824785141153509,0.824785141153509,0.8574794649906073,0.824785141153509,0.824785141153509,0.824785141153509,0.824785141153509,0.824785141153509,0.824785141153509,0.8574794649906073,0.824785141153509,0.8574794649906073,0.824785141153509,0.8574794649906073,0.8574794649906073,0.824785141153509,0.824785141153509,0.8574794649906073,0.8574794649906073,0.824785141153509,0.8574794649906073,0.824785141153509,0.8574794649906073,0.824785141153509,0.8574794649906073,0.824785141153509,0.824785141153509,0.824785141153509,0.824785141153509,0.824785141153509,0.824785141153509,0.824785141153509,0.8574794649906073,0.824785141153509,0.824785141153509,0.824785141153509,0.8574794649906073,0.8574794649906073,0.824785141153509,0.8574794649906073,0.824785141153509,0.824785141153509,0.824785141153509,0.824785141153509,0.8574794649906073,0.8411995882568368,0.8411995882568368,0.8411995882568368,0.7704919514611582,0.8411995882568368,0.8411995882568368,0.8411995882568368,0.8411995882568368,0.8411995882568368,0.8411995882568368,0.8411995882568368,0.8411995882568368,0.8411995882568368,0.8830651060461674,0.8411995882568368,0.8411995882568368,0.8411995882568368,0.8411995882568368,0.8411995882568368,0.8830651060461674,0.8830651060461674,0.8411995882568368,0.8830651060461674,0.8411995882568368,0.8411995882568368,0.8411995882568368,0.7704919514611582,0.8411995882568368,0.7704919514611582,0.8411995882568368,0.8411995882568368,0.8830651060461674,0.7704919514611582,0.8411995882568368,0.8411995882568368,0.8411995882568368,0.9159447898952744,0.8411995882568368,0.8830651060461674,0.8830651060461674,0.8830651060461674,0.7704919514611582,0.8830651060461674,0.8830651060461674,0.9159447898952744,0.8411995882568368,0.8411995882568368,0.8830651060461674,0.8411995882568368,0.8411995882568368
2.0,2.0,2.0,2.0,2.0,2.0,2.0,2.0,2.0,2.0,2.0,2.0,2.0,2.0,2.0,2.0,2.0,2.0,2.0,2.0,2.0,2.0,2.0,2.0,2.0,2.0,2.0,2.0,2.0,2.0,2.0,2.0,2.0,2.0,2.0,2.0,2.0,2.0,2.0,2.0,2.0,2.0,2.0,2.0,2.0,2.0,2.0,2.0,2.0,2.0,2.0,2.0,2.0,2.0,2.0,2.0,2.0,2.0,2.0,2.0,2.0,2.0,2.0,2.0,2.0,2.0,2.0,2.0,2.0,2.0,2.0,2.0,2.0,2.0,2.0,2.0,2.0,2.0,2.0,2.0,2.0,2.0,2.0,2.0,2.0,2.0,2.0,2.0,2.0,2.0,2.0,2.0,2.0,2.0,2.0,2.0,2.0,2.0,2.0,2.0,0.8140526722835681,0.8140526722835681,0.8140526722835681,0.7731568380320675,0.8256880982731635,0.8482195314368584,0.8140526722835681,0.8482195314368584,0.8140526722835681,0.8140526722835681,0.8140526722835681,0.8256880982731635,0.8140526722835681,0.8140526722835681,0.8482195314368584,0.8140526722835681,0.8482195314368584,0.8140526722835681,0.8140526722835681,0.8140526722835681,0.8140526722835681,0.8256880982731635,0.8140526722835681,0.8140526722835681,0.8256880982731635,0.8482195314368584,0.8018231610844199,0.8140526722835681,0.8140526722835681,0.8482195314368584,0.8482195314368584,0.8140526722835681,0.8482195314368584,0.8256880982731635,0.8140526722835681,0.8256880982731635,0.8140526722835681,0.8482195314368584,0.8140526722835681,0.8140526722835681,0.8482195314368584,0.8482195314368584,0.8140526722835681,0.8140526722835681,0.8482195314368584,0.8482195314368584,0.8140526722835681,0.8140526722835681,0.8140526722835681,0.8140526722835681,0.12835490734403981,0.12545352014322692,0.12835490734403981,0.3185839748136749,0.12835490734403981,0.12835490734403981,0.3185839748136749,0.12835490734403981,0.12835490734403981,0.3185839748136749,0.12835490734403981,0.3185839748136749,0.12835490734403981,0.12835490734403981,0.12835490734403981,0.12835490734403981,0.12835490734403981,0.3185839748136749,0.18726537566429372,0.3185839748136749,0.12835490734403981,0.12835490734403981,0.12835490734403981,0.12835490734403981,0.12835490734403981,0.12835490734403981,0.12835490734403981,0.12835490734403981,0.12835490734403981,0.12835490734403981,0.12835490734403981,0.12835490734403981,0.18726537566429372,0.12835490734403981,0.12835490734403981,0.12835490734403981,0.12545352014322692,0.12835490734403981,0.12835490734403981,0.12835490734403981,0.12835490734403981,0.18726537566429372,0.18726537566429372,0.3185839748136749,0.3185839748136749,0.3185839748136749,0.12835490734403981,0.12835490734403981,0.12835490734403981,0.03561743248994169,0.8574794649906073,0.8574794649906073,0.8574794649906073,0.7502420738798774,0.7940858823020241,0.8665947654536352,0.8574794649906073,0.8665947654536352,0.8574794649906073,0.8574794649906073,0.8574794649906073,0.7940858823020241,0.8574794649906073,0.8574794649906073,0.8665947654536352,0.8574794649906073,0.8665947654536352,0.8574794649906073,0.8574794649906073,0.8574794649906073,0.8574794649906073,0.7940858823020241,0.8574794649906073,0.8574794649906073,0.7940858823020241,0.8665947654536352,0.7743051943628593,0.8574794649906073,0.8574794649906073,0.8665947654536352,0.8665947654536352,0.8574794649906073,0.8665947654536352,0.7940858823020241,0.8574794649906073,0.7940858823020241,0.8574794649906073,0.8665947654536352,0.8574794649906073,0.8574794649906073,0.8665947654536352,0.8665947654536352,0.8574794649906073,0.8574794649906073,0.8665947654536352,0.8665947654536352,0.8574794649906073,0.8574794649906073,0.8574794649906073,0.8574794649906073,0.8411995882568368,0.8772651221678451,0.8411995882568368,0.9242761543160386,0.8411995882568368,0.8411995882568368,0.9242761543160386,0.8411995882568368,0.8411995882568368,0.9242761543160386,0.8411995882568368,0.9242761543160386,0.8411995882568368,0.8411995882568368,0.8411995882568368,0.8411995882568368,0.8411995882568368,0.9242761543160386,0.8608369602414544,0.9242761543160386,0.8411995882568368,0.8411995882568368,0.8411995882568368,0.8411995882568368,0.8411995882568368,0.8411995882568368,0.8411995882568368,0.8411995882568368,0.8411995882568368,0.8411995882568368,0.8411995882568368,0.8411995882568368,0.8608369602414544,0.8411995882568368,0.8411995882568368,0.8411995882568368,0.8772651221678451,0.8411995882568368,0.8411995882568368,0.8411995882568368,0.8411995882568368,0.8608369602414544,0.8608369602414544,0.9242761543160386,0.9242761543160386,0.9242761543160386,0.8411995882568368,0.8411995882568368,0.8411995882568368,0.7694554779844995
2.0,2.0,2.0,2.0,2.0,2.0,2.0,2.0,2.0,2.0,2.0,2.0,2.0,2.0,2.0,2.0,2.0,2.0,2.0,2.0,2.0,2.0,2.0,2.0,2.0,2.0,2.0,2.0,2.0,2.0,2.0,2.0,2.0,2.0,2.0,2.0,2.0,2.0,2.0,2.0,2.0,2.0,2.0,2.0,2.0,2.0,2.0,2.0,2.0,2.0,2.0,2.0,2.0,2.0,2.0,2.0,2.0,2.0,2.0,2.0,2.0,2.0,2.0,2.0,2.0,2.0,2.0,2.0,2.0,2.0,2.0,2.0,2.0,2.0,2.0,2.0,2.0,2.0,2.0,2.0,2.0,2.0,2.0,2.0,2.0,2.0,2.0,2.0,2.0,2.0,2.0,2.0,2.0,2.0,2.0,2.0,2.0,2.0,2.0,2.0,0.9313640981984979,0.9313640981984979,0.8140526722835681,0.8140526722835681,0.9313640981984979,0.8603731944794747,0.8603731944794747,0.9313640981984979,0.8603731944794747,0.8603731944794747,1.0,0.9313640981984979,0.9313640981984979,0.8140526722835681,0.9313640981984979,0.8603731944794747,1.0,0.9313640981984979,1.0,0.9313640981984979,0.8603731944794747,1.0,0.8603731944794747,1.0,1.0,0.8603731944794747,1.0,0.8140526722835681,1.0,0.9313640981984979,1.0,0.9313640981984979,0.8603731944794747,0.8603731944794747,1.0,0.8603731944794747,0.8140526722835681,0.8603731944794747,0.8603731944794747,0.9313640981984979,0.8140526722835681,0.8140526722835681,0.8140526722835681,1.0,1.0,0.8603731944794747,0.8603731944794747,0.9313640981984979,1.0,0.8140526722835681,0.024027725230726493,0.03561743248994169,0.03561743248994169,0.060562391635749085,0.03561743248994169,0.03561743248994169,0.03561743248994169,0.03561743248994169,0.03561743248994169,0.043695785329830455,0.03561743248994169,0.047465644727283804,0.024027725230726493,0.03561743248994169,0.024027725230726493,0.03561743248994169,0.03561743248994169,0.03561743248994169,0.03561743248994169,0.047465644727283804,0.03561743248994169,0.03561743248994169,0.03561743248994169,0.0,0.03561743248994169,0.024027725230726493,0.03561743248994169,0.03561743248994169,0.07395245399567843,0.07395245399567843,0.03561743248994169,0.03561743248994169,0.03561743248994169,0.03561743248994169,0.03561743248994169,0.03561743248994169,0.03561743248994169,0.03561743248994169,0.024027725230726493,0.07395245399567843,0.047465644727283804,0.03561743248994169,0.03561743248994169,0.03561743248994169,0.047465644727283804,0.03561743248994169,0.03561743248994169,0.047465644727283804,0.047465644727283804,0.03561743248994169,0.9101288807726892,0.9101288807726892,0.8574794649906073,0.8574794649906073,0.9101288807726892,0.8379582768155794,0.8379582768155794,0.9101288807726892,0.8379582768155794,0.8379582768155794,0.676298598320495,0.9101288807726892,0.9101288807726892,0.8574794649906073,0.9101288807726892,0.8379582768155794,0.676298598320495,0.9101288807726892,0.676298598320495,0.9101288807726892,0.8379582768155794,0.676298598320495,0.8379582768155794,0.676298598320495,0.676298598320495,0.8379582768155794,0.676298598320495,0.8574794649906073,0.676298598320495,0.9101288807726892,0.676298598320495,0.9101288807726892,0.8379582768155794,0.8379582768155794,0.676298598320495,0.8379582768155794,0.8574794649906073,0.8379582768155794,0.8379582768155794,0.9101288807726892,0.8574794649906073,0.8574794649906073,0.8574794649906073,0.676298598320495,0.676298598320495,0.8379582768155794,0.8379582768155794,0.9101288807726892,0.676298598320495,0.8574794649906073,0.8355905475572476,0.7694554779844995,0.7694554779844995,0.7733658769319365,0.7694554779844995,0.7694554779844995,0.7694554779844995,0.7694554779844995,0.7694554779844995,0.7619602237603452,0.7694554779844995,0.8160397092146181,0.8355905475572476,0.7694554779844995,0.8355905475572476,0.7694554779844995,0.7694554779844995,0.7694554779844995,0.7694554779844995,0.8160397092146181,0.7694554779844995,0.7694554779844995,0.7694554779844995,0.7777113508240724,0.7694554779844995,0.8355905475572476,0.7694554779844995,0.7694554779844995,0.8054996661623686,0.8054996661623686,0.7694554779844995,0.7694554779844995,0.7694554779844995,0.7694554779844995,0.7694554779844995,0.7694554779844995,0.7694554779844995,0.7694554779844995,0.8355905475572476,0.8054996661623686,0.8160397092146181,0.7694554779844995,0.7694554779844995,0.7694554779844995,0.8160397092146181,0.7694554779844995,0.7694554779844995,0.8160397092146181,0.8160397092146181,0.7694554779844995
